3a10. Overview milkings today 16/12/2020 15:28:24
523,126,1,16/12/2020 00:06:31,7.0,8.8,280,1
53,57,1,16/12/2020 00:23:04,6.7,8.9,330,1
254,55,1,16/12/2020 00:31:34,5.7,8.6,240,1
296,22,1,16/12/2020 00:38:43,0.0,-,230,1
511,97,1,16/12/2020 00:46:37,5.3,8.7,400,1
497,25,1,16/12/2020 00:52:55,6.2,7.9,310,1
539,117,1,16/12/2020 01:07:43,7.2,8.0,410,1
532,68,1,16/12/2020 01:23:18,8.4,8.0,870,1
56,40,1,16/12/2020 01:30:37,1.3,7.6,310,1
278,53,1,16/12/2020 01:39:43,6.9,8.3,300,1
493,18,1,16/12/2020 01:44:53,5.6,8.0,210,1
169,67,1,16/12/2020 01:53:06,13.2,8.7,400,1
353,9909,1,16/12/2020 02:00:51,9.8,8.3,400,1
390,74,1,16/12/2020 02:05:59,5.2,8.7,220,1
281,9927,1,16/12/2020 02:12:34,7.8,8.6,280,1
468,33,1,16/12/2020 02:23:37,7.7,8.3,570,1
337,965,1,16/12/2020 02:29:40,10.4,8.5,270,1
26,9944,1,16/12/2020 02:35:48,9.6,8.6,280,1
479,42,1,16/12/2020 02:45:52,6.5,8.4,460,1
447,46,1,16/12/2020 02:51:32,7.8,11.4,300,1
300,31,1,16/12/2020 02:59:11,5.1,9.8,370,1
386,9905,1,16/12/2020 03:05:38,2.4,7.9,270,1
63,9918,1,16/12/2020 03:14:26,6.9,8.7,470,1
584,39,1,16/12/2020 03:26:05,3.9,6.8,350,1
516,115,1,16/12/2020 03:33:37,7.5,8.3,340,1
319,17,1,16/12/2020 03:40:22,6.8,9.3,320,1
347,26,1,16/12/2020 03:51:18,2.7,7.1,310,1
971,48,1,16/12/2020 04:06:53,5.1,8.3,480,1
177,34,1,16/12/2020 04:18:24,4.0,9.2,360,1
83,98,1,16/12/2020 04:35:43,5.1,8.6,280,1
370,51,1,16/12/2020 04:43:10,9.4,8.8,360,1
383,124,1,16/12/2020 04:49:39,5.2,8.5,170,1
356,9935,1,16/12/2020 05:01:56,7.5,8.5,460,1
443,23,1,16/12/2020 05:09:12,8.2,8.0,350,1
487,35,1,16/12/2020 05:15:01,0.7,7.1,260,1
402,7,1,16/12/2020 05:22:30,12.0,9.3,370,1
240,69,1,16/12/2020 05:31:38,14.4,9.2,460,1
487,35,1,16/12/2020 05:40:19,3.3,8.5,340,1
952,9910,1,16/12/2020 06:20:09,7.1,8.5,260,1
511,97,1,16/12/2020 06:26:35,2.5,7.4,220,1
297,15,1,16/12/2020 06:32:13,8.0,8.1,240,1
307,19,1,16/12/2020 06:49:04,10.5,8.1,430,1
355,105,1,16/12/2020 06:56:59,6.9,9.5,220,1
350,123,1,16/12/2020 07:03:53,7.3,9.9,260,1
497,25,1,16/12/2020 07:12:10,5.2,7.9,290,1
532,68,1,16/12/2020 07:23:39,8.9,8.6,560,1
296,22,1,16/12/2020 07:30:29,16.0,9.1,350,1
531,62,1,16/12/2020 07:37:01,4.1,7.5,320,1
312,29,1,16/12/2020 07:43:24,8.0,8.3,270,1
311,52,1,16/12/2020 07:47:59,1.8,8.8,200,1
539,117,1,16/12/2020 07:55:13,8.3,8.4,390,1
358,100,1,16/12/2020 08:03:17,7.8,8.1,390,1
281,9927,1,16/12/2020 08:23:41,9.1,9.2,330,1
386,9905,1,16/12/2020 08:30:00,3.8,8.3,250,1
519,90,1,16/12/2020 08:36:08,12.5,9.2,280,1
254,55,1,16/12/2020 08:44:38,13.9,9.6,420,1
169,67,1,16/12/2020 08:52:27,13.9,9.5,380,1
278,53,1,16/12/2020 08:57:55,8.4,8.8,260,1
524,113,1,16/12/2020 09:04:26,4.0,8.3,340,1
390,74,1,16/12/2020 09:12:42,5.7,9.9,360,1
968,116,1,16/12/2020 09:23:11,11.2,10.2,540,1
166,9928,1,16/12/2020 09:29:38,10.0,8.8,310,1
63,9918,1,16/12/2020 09:35:46,7.3,8.5,310,1
26,9944,1,16/12/2020 09:41:17,8.0,8.6,240,1
337,965,1,16/12/2020 09:47:15,12.4,8.7,280,1
348,64,1,16/12/2020 09:56:37,18.5,9.3,500,1
353,9909,1,16/12/2020 10:03:58,9.8,8.4,370,1
347,26,1,16/12/2020 10:10:25,3.8,8.2,300,1
259,9943,1,16/12/2020 10:18:36,10.5,8.8,420,1
447,46,1,16/12/2020 10:26:27,11.8,9.3,430,1
53,57,1,16/12/2020 10:34:30,8.6,9.1,410,1
516,115,1,16/12/2020 10:41:54,7.0,8.3,330,1
504,4,1,16/12/2020 10:48:59,7.9,9.1,330,1
535,92,1,16/12/2020 10:58:27,13.3,8.8,380,1
297,15,1,16/12/2020 11:08:40,2.7,7.5,200,1
493,18,1,16/12/2020 11:19:44,9.9,8.5,330,1
971,48,1,16/12/2020 11:28:33,6.7,8.9,460,1
479,42,1,16/12/2020 11:36:52,8.1,8.7,380,1
300,31,1,16/12/2020 11:44:31,4.5,10.0,350,1
83,98,1,16/12/2020 11:54:23,4.9,8.6,430,1
531,62,1,16/12/2020 12:01:23,2.0,7.2,300,1
523,126,1,16/12/2020 12:09:15,12.8,8.9,380,1
56,40,1,16/12/2020 12:22:41,8.8,13.6,670,1
952,9910,1,16/12/2020 12:31:43,8.1,9.6,310,1
240,69,1,16/12/2020 12:40:04,12.0,8.9,410,1
370,51,1,16/12/2020 12:46:35,7.7,9.1,300,1
319,17,1,16/12/2020 12:55:43,8.2,14.0,360,1
487,35,1,16/12/2020 13:05:53,10.2,8.6,520,1
307,19,1,16/12/2020 13:27:31,7.0,7.7,420,1
443,23,1,16/12/2020 13:36:00,7.5,8.3,390,1
356,9935,1,16/12/2020 13:45:04,9.2,9.5,450,1
511,97,1,16/12/2020 13:49:54,3.7,8.4,210,1
355,105,1,16/12/2020 13:54:41,5.2,8.8,200,1
177,34,1,16/12/2020 14:01:38,6.6,10.3,330,1
539,117,1,16/12/2020 14:09:00,7.9,9.6,400,1
350,123,1,16/12/2020 14:15:42,5.9,10.0,280,1
468,33,1,16/12/2020 14:27:00,9.4,8.7,570,1
557,9902,1,16/12/2020 14:33:27,10.7,10.4,340,1
390,74,1,16/12/2020 14:42:01,3.8,8.8,350,1
383,124,1,16/12/2020 14:47:31,8.0,8.5,240,1
169,67,1,16/12/2020 14:54:31,11.5,9.6,320,1
358,100,1,16/12/2020 15:00:58,4.5,8.2,300,1
531,62,1,16/12/2020 15:06:51,1.1,7.1,260,1
311,52,1,16/12/2020 15:14:25,5.4,10.4,310,1
386,9905,1,16/12/2020 15:20:40,5.6,8.4,240,1
