407. Milk times per teat per Merlin of the last 10 days 16/12/2020 16:06:04
1,13/12/2020 14:26:06,25,42,27,31,190,251,286,168
1,13/12/2020 22:39:41,24,31,35,46,204,231,282,189
1,14/12/2020 10:56:59,24,81,40,114,264,370,372,333
1,12/12/2020 05:50:39,25,29,42,30,276,180,261,207
1,12/12/2020 17:22:41,24,43,30,31,305,355,431,339
1,13/12/2020 06:16:47,25,33,28,23,317,303,443,246
1,16/12/2020 02:45:18,26,42,31,42,220,220,261,362
1,16/12/2020 11:36:18,21,46,29,29,203,279,250,170
1,06/12/2020 00:05:21,25,23,0,19,0,0,0,0
1,14/12/2020 21:26:26,26,123,32,22,239,341,314,291
1,15/12/2020 11:48:29,21,32,30,30,330,231,437,306
1,15/12/2020 19:04:11,29,26,27,35,196,153,187,155
1,11/12/2020 20:06:37,30,33,31,31,268,254,309,185
1,08/12/2020 10:16:58,42,39,33,37,346,374,316,264
1,08/12/2020 22:56:44,33,40,22,27,345,415,298,306
1,09/12/2020 09:46:35,33,31,43,30,337,278,369,267
1,07/12/2020 01:26:42,29,40,22,31,226,192,229,239
1,07/12/2020 14:59:32,31,31,31,42,457,454,338,374
1,07/12/2020 22:47:13,33,49,33,34,215,247,180,242
1,10/12/2020 15:16:23,45,12,31,31,205,429,299,173
1,10/12/2020 23:10:24,35,57,28,27,304,272,285,236
1,11/12/2020 11:20:36,34,38,35,42,331,400,291,333
1,09/12/2020 17:16:49,27,31,27,27,190,159,173,152
1,10/12/2020 00:40:49,26,12,26,23,177,268,169,138
1,10/12/2020 07:45:03,27,11,25,30,239,263,209,202
1,13/12/2020 00:05:18,18,19,18,67,163,207,178,227
1,13/12/2020 11:34:28,47,73,21,93,205,264,189,258
1,13/12/2020 22:31:11,38,82,18,17,161,205,175,219
1,11/12/2020 20:48:15,12,66,19,52,142,161,154,171
1,12/12/2020 08:55:02,0,0,0,22,0,0,0,0
1,12/12/2020 14:55:47,15,21,15,18,236,366,261,306
1,15/12/2020 12:06:47,21,64,22,19,203,324,238,271
1,15/12/2020 21:10:54,37,19,19,22,150,216,178,191
1,16/12/2020 05:14:28,0,0,31,23,0,0,0,0
1,14/12/2020 10:02:24,0,44,53,16,0,333,0,294
1,14/12/2020 16:32:09,65,17,15,16,163,266,155,227
1,15/12/2020 00:44:19,17,153,20,99,161,238,134,233
1,11/12/2020 13:51:55,17,21,23,16,151,257,171,227
1,08/12/2020 01:18:38,17,15,20,21,119,173,129,149
1,08/12/2020 12:38:41,15,21,19,21,170,277,215,302
1,08/12/2020 20:01:40,17,20,27,19,139,197,152,140
1,06/12/2020 09:51:46,0,33,20,21,0,0,0,0
1,07/12/2020 00:18:08,14,25,17,19,255,449,212,468
1,07/12/2020 15:38:05,18,17,17,20,230,282,223,248
1,10/12/2020 10:02:58,18,80,19,16,201,299,208,274
1,10/12/2020 18:34:51,12,60,14,72,117,189,173,183
1,11/12/2020 03:37:39,11,19,14,16,166,232,222,218
1,09/12/2020 03:55:15,16,21,21,18,166,255,160,197
1,09/12/2020 13:46:51,18,19,140,19,287,246,173,215
1,09/12/2020 22:03:57,18,50,78,21,138,234,132,244
1,14/12/2020 23:39:01,17,14,25,0,159,286,249,0
1,15/12/2020 08:02:53,20,19,24,0,197,430,291,0
1,15/12/2020 14:19:49,15,56,44,0,131,191,195,0
1,14/12/2020 03:20:33,0,19,21,0,0,145,195,0
1,14/12/2020 10:47:07,17,18,21,0,124,401,190,0
1,14/12/2020 17:15:26,68,20,24,0,179,304,252,0
1,06/12/2020 15:31:14,30,36,35,33,423,457,471,508
1,07/12/2020 02:09:38,33,42,60,32,244,302,315,364
1,07/12/2020 09:35:30,32,69,48,53,267,234,293,418
1,15/12/2020 20:57:50,16,47,20,0,148,187,241,0
1,16/12/2020 02:50:58,18,20,38,0,166,223,204,0
1,16/12/2020 10:25:53,21,18,24,0,185,358,248,0
1,13/12/2020 22:08:38,0,17,20,0,0,150,228,0
1,11/12/2020 09:22:09,15,14,25,0,161,313,218,0
1,11/12/2020 15:41:32,133,14,35,0,143,410,216,0
1,11/12/2020 21:45:01,17,31,36,0,125,187,157,0
1,10/12/2020 14:05:31,17,26,23,0,224,310,295,0
1,10/12/2020 20:49:24,20,43,27,0,163,235,211,0
1,11/12/2020 02:42:10,20,44,22,0,166,200,216,0
1,12/12/2020 23:10:01,0,18,35,0,0,0,0,0
1,13/12/2020 09:19:37,18,32,19,0,327,452,292,0
1,13/12/2020 16:01:46,71,22,21,0,166,283,210,0
1,12/12/2020 04:13:21,20,36,21,0,180,214,207,0
1,12/12/2020 10:18:48,17,40,24,0,149,227,192,0
1,12/12/2020 17:02:12,17,16,19,0,147,287,209,0
1,13/12/2020 22:17:48,35,43,34,37,245,336,282,360
1,14/12/2020 09:33:31,28,40,35,32,319,416,307,378
1,14/12/2020 22:00:12,33,73,48,33,392,457,390,504
1,12/12/2020 19:17:01,35,40,31,28,323,340,287,387
1,13/12/2020 01:37:24,25,59,70,95,200,248,188,328
1,13/12/2020 14:04:43,26,51,44,31,335,490,395,443
1,16/12/2020 14:26:26,34,45,54,31,351,416,329,481
1,06/12/2020 07:10:18,25,26,22,25,351,235,247,228
1,06/12/2020 16:38:34,23,35,24,29,237,264,273,291
1,15/12/2020 11:03:26,63,43,42,34,322,458,379,499
1,15/12/2020 19:42:48,40,58,62,46,159,196,165,208
1,16/12/2020 02:23:03,33,53,38,36,357,445,363,480
1,12/12/2020 10:11:54,26,33,42,97,211,337,365,346
1,08/12/2020 22:01:04,109,56,46,30,407,466,433,497
1,09/12/2020 11:49:52,43,50,38,31,465,416,355,442
1,09/12/2020 18:18:11,40,45,58,33,304,303,288,321
1,07/12/2020 18:45:49,44,114,55,39,314,239,269,451
1,08/12/2020 00:11:43,36,40,46,37,239,219,237,265
1,08/12/2020 10:27:09,34,50,46,29,239,372,370,303
1,11/12/2020 10:39:50,30,53,52,33,319,411,385,433
1,11/12/2020 18:42:03,49,63,61,37,373,372,363,406
1,12/12/2020 01:26:59,35,43,34,30,273,295,191,314
1,10/12/2020 04:14:45,39,53,62,34,319,355,252,381
1,10/12/2020 17:28:50,36,65,44,28,405,661,380,500
1,10/12/2020 23:56:41,56,55,38,32,221,242,194,288
1,16/12/2020 05:39:45,0,15,19,22,0,250,104,0
1,06/12/2020 03:43:38,0,38,0,16,0,86,0,179
1,06/12/2020 14:43:50,26,12,13,12,257,87,278,197
1,06/12/2020 23:44:39,105,16,16,13,151,247,178,170
1,16/12/2020 07:11:36,50,60,20,47,107,97,131,193
1,16/12/2020 15:26:59,20,42,20,43,159,154,159,250
1,06/12/2020 17:01:28,32,75,27,21,237,290,201,53
1,09/12/2020 05:29:17,19,14,13,12,170,130,234,154
1,09/12/2020 16:21:54,52,17,15,12,166,75,204,137
1,10/12/2020 01:09:37,105,15,17,12,126,68,224,137
1,07/12/2020 17:23:02,20,19,17,13,87,167,201,198
1,08/12/2020 01:55:29,28,83,15,16,152,82,247,96
1,08/12/2020 15:14:58,21,16,19,56,85,86,336,155
1,16/12/2020 00:52:21,25,44,20,43,167,131,129,216
1,13/12/2020 09:39:26,25,57,19,35,223,215,180,253
1,13/12/2020 17:12:35,0,0,0,0,0,0,0,0
1,13/12/2020 21:35:19,20,41,14,27,200,189,181,290
1,12/12/2020 09:10:33,38,45,24,45,267,152,177,241
1,12/12/2020 16:46:55,35,53,21,56,151,145,152,248
1,12/12/2020 23:29:15,80,175,45,63,162,108,136,305
1,15/12/2020 03:53:21,47,46,30,54,127,125,120,230
1,15/12/2020 11:23:10,28,53,33,51,160,115,122,233
1,15/12/2020 18:03:58,40,54,24,51,129,116,168,221
1,14/12/2020 04:07:53,43,72,85,67,98,115,121,215
1,14/12/2020 11:16:38,19,79,19,47,160,254,134,210
1,14/12/2020 21:06:00,21,37,18,25,196,158,182,273
1,06/12/2020 10:29:37,19,22,24,0,119,169,148,0
1,06/12/2020 14:55:39,19,20,49,0,52,78,55,0
1,06/12/2020 17:16:48,36,40,41,0,85,116,113,0
1,15/12/2020 23:55:11,29,36,15,17,197,141,216,128
1,16/12/2020 10:48:25,112,38,14,9,120,129,255,179
1,06/12/2020 00:48:37,20,25,21,0,116,208,126,0
1,07/12/2020 21:03:57,32,37,26,0,49,109,61,0
1,08/12/2020 02:58:52,17,27,57,0,76,123,85,0
1,08/12/2020 07:06:18,19,20,21,0,46,70,49,0
1,07/12/2020 04:12:23,24,20,27,0,132,209,130,0
1,07/12/2020 13:57:42,19,20,22,0,125,182,135,0
1,07/12/2020 16:45:52,18,34,32,0,52,78,56,0
1,15/12/2020 15:36:14,123,86,26,15,90,85,300,165
1,11/12/2020 15:32:17,31,15,13,14,123,73,200,145
1,12/12/2020 00:18:27,0,16,19,17,0,73,188,144
1,12/12/2020 11:35:51,99,22,14,15,180,75,267,177
1,10/12/2020 12:05:41,0,16,17,12,0,74,186,156
1,10/12/2020 20:31:23,48,36,14,16,192,207,227,134
1,11/12/2020 04:54:27,60,32,16,14,153,192,200,146
1,14/12/2020 08:23:31,98,61,18,17,83,73,298,189
1,14/12/2020 19:38:30,31,31,14,10,255,104,273,161
1,15/12/2020 06:22:24,58,42,12,14,261,459,196,172
1,12/12/2020 22:10:39,31,16,15,12,227,87,249,154
1,13/12/2020 09:33:03,56,18,14,12,259,305,204,157
1,13/12/2020 18:42:22,105,90,19,14,87,161,268,140
1,12/12/2020 05:25:06,20,19,22,20,96,163,256,132
1,12/12/2020 12:16:30,20,25,24,31,127,184,135,157
1,13/12/2020 00:51:12,16,19,177,19,175,277,244,256
1,10/12/2020 23:41:27,20,24,26,22,171,289,216,260
1,11/12/2020 12:00:07,19,40,24,20,184,279,225,216
1,11/12/2020 23:24:29,22,22,0,19,156,196,0,192
1,14/12/2020 07:03:33,33,201,24,233,123,17,268,105
1,14/12/2020 12:48:43,22,24,82,78,144,178,101,127
1,15/12/2020 00:18:10,24,42,23,19,263,343,235,247
1,13/12/2020 11:42:08,31,19,24,19,180,252,203,211
1,13/12/2020 23:46:59,22,20,23,28,166,242,190,217
1,14/12/2020 06:08:07,0,44,141,100,0,124,49,0
1,10/12/2020 12:28:34,24,23,22,20,222,286,198,254
1,06/12/2020 18:40:45,18,37,23,20,187,276,207,244
1,07/12/2020 03:22:46,20,25,20,22,139,226,146,181
1,07/12/2020 10:19:25,24,21,20,19,133,200,118,146
1,16/12/2020 13:05:19,21,19,19,18,135,293,168,273
1,06/12/2020 00:37:49,20,26,20,20,83,144,95,139
1,06/12/2020 06:58:20,19,24,20,20,122,166,105,124
1,09/12/2020 02:25:20,24,33,0,20,144,0,0,167
1,09/12/2020 12:35:33,21,22,24,19,209,315,276,244
1,09/12/2020 22:36:48,20,24,23,22,141,242,129,195
1,07/12/2020 17:58:09,23,24,23,20,131,201,145,163
1,08/12/2020 02:42:20,22,28,98,22,112,211,138,175
1,08/12/2020 16:00:41,21,24,26,20,211,340,252,269
1,09/12/2020 14:27:26,19,32,18,32,240,181,225,319
1,09/12/2020 21:27:41,24,266,19,65,125,143,120,184
1,10/12/2020 03:34:51,33,55,28,41,123,86,102,232
1,08/12/2020 11:08:10,22,47,16,40,189,166,152,285
1,08/12/2020 19:01:22,34,52,19,48,173,146,140,257
1,09/12/2020 01:25:54,42,42,16,53,128,140,107,274
1,11/12/2020 12:23:57,24,33,19,36,198,144,176,256
1,11/12/2020 18:30:55,43,39,18,41,111,146,121,223
1,12/12/2020 00:58:20,20,55,22,54,128,89,131,218
1,10/12/2020 12:19:06,25,41,20,33,154,121,158,236
1,10/12/2020 18:48:16,21,43,17,42,153,102,123,204
1,11/12/2020 02:34:44,79,45,19,49,149,134,144,223
1,08/12/2020 01:47:32,18,52,19,54,145,129,110,216
1,16/12/2020 11:19:10,25,21,22,21,172,262,164,189
1,06/12/2020 02:35:42,20,28,16,23,0,0,0,0
1,06/12/2020 03:54:58,0,0,0,0,0,0,0,0
1,15/12/2020 11:11:31,104,33,24,23,156,264,167,206
1,15/12/2020 18:44:04,32,24,23,17,147,229,111,109
1,16/12/2020 01:44:18,22,22,22,22,97,142,110,130
1,07/12/2020 02:24:41,90,101,80,87,92,84,81,161
1,07/12/2020 10:44:09,28,43,19,37,145,179,146,235
1,07/12/2020 18:52:11,32,50,20,51,149,168,139,240
1,06/12/2020 05:16:14,21,29,14,21,351,359,282,497
1,06/12/2020 15:07:33,20,28,16,23,135,107,143,186
1,06/12/2020 21:53:13,21,49,18,58,122,87,103,183
1,10/12/2020 04:33:21,18,18,49,0,150,333,221,0
1,09/12/2020 21:19:14,37,22,25,20,119,140,92,138
1,10/12/2020 01:28:45,0,53,39,35,0,159,0,189
1,10/12/2020 05:42:30,23,20,27,18,158,189,125,130
1,08/12/2020 22:40:22,32,35,133,119,190,184,135,144
1,09/12/2020 05:22:25,23,19,22,21,199,184,107,105
1,09/12/2020 14:53:09,22,25,23,18,221,245,188,170
1,11/12/2020 11:33:53,31,23,28,20,186,250,196,199
1,11/12/2020 17:39:12,23,21,23,20,235,144,122,148
1,12/12/2020 00:46:17,42,52,31,40,213,228,111,169
1,10/12/2020 14:43:56,24,23,25,20,238,205,193,219
1,10/12/2020 19:59:43,28,23,25,23,178,134,118,185
1,11/12/2020 01:21:22,28,20,25,21,141,144,127,141
1,08/12/2020 16:07:17,29,40,26,42,127,113,92,113
1,16/12/2020 04:49:05,16,14,15,17,105,105,96,87
1,16/12/2020 14:46:57,10,41,11,14,149,141,94,139
1,06/12/2020 04:21:57,44,39,47,71,144,117,91,135
1,15/12/2020 01:25:57,15,14,11,16,128,110,78,96
1,15/12/2020 09:38:04,11,41,12,17,128,108,98,111
1,15/12/2020 21:31:47,14,16,15,13,149,162,146,127
1,07/12/2020 21:12:02,28,24,31,22,282,322,240,271
1,08/12/2020 05:01:55,23,20,26,19,154,170,133,159
1,08/12/2020 10:53:34,34,18,25,23,127,160,116,123
1,06/12/2020 16:20:13,25,22,31,18,247,295,267,232
1,07/12/2020 00:53:33,31,26,29,21,180,231,170,173
1,07/12/2020 06:53:32,29,20,33,18,156,207,151,92
1,06/12/2020 08:01:15,25,21,11,61,112,215,100,117
1,06/12/2020 12:48:42,72,0,38,89,143,0,81,193
1,06/12/2020 13:31:26,38,132,31,256,158,90,167,90
1,16/12/2020 08:29:26,37,53,26,54,156,147,124,144
1,16/12/2020 15:20:06,23,21,26,16,157,169,148,140
1,06/12/2020 00:18:03,25,34,47,51,128,179,137,170
1,07/12/2020 23:41:31,14,24,16,34,79,204,130,190
1,08/12/2020 07:37:22,13,45,15,15,146,157,122,167
1,08/12/2020 14:01:03,18,26,26,38,141,124,123,292
1,06/12/2020 21:09:32,35,17,17,97,146,144,137,272
1,07/12/2020 08:47:05,15,13,22,46,193,210,143,180
1,07/12/2020 16:52:20,16,23,18,99,131,181,127,111
1,16/12/2020 03:05:05,35,39,26,31,138,180,78,113
1,13/12/2020 05:58:52,22,22,29,21,187,233,161,157
1,13/12/2020 15:25:33,31,21,24,21,283,179,157,150
1,13/12/2020 23:40:06,54,27,23,31,146,178,171,167
1,12/12/2020 05:43:03,36,33,22,21,109,120,109,114
1,12/12/2020 11:44:58,32,101,25,31,214,220,109,137
1,12/12/2020 21:19:07,25,33,22,27,241,280,164,298
1,15/12/2020 14:06:53,24,20,24,21,267,246,259,179
1,15/12/2020 19:22:26,34,21,25,24,107,116,84,112
1,15/12/2020 22:50:48,49,101,34,84,152,106,144,112
1,14/12/2020 04:30:12,111,83,0,92,0,144,0,161
1,14/12/2020 12:34:37,199,74,0,45,0,105,0,217
1,14/12/2020 22:33:53,25,24,24,31,266,365,199,329
1,12/12/2020 04:34:30,17,28,22,32,167,267,161,233
1,12/12/2020 12:10:34,17,24,24,30,165,232,146,206
1,12/12/2020 21:10:36,16,21,19,24,170,258,172,200
1,11/12/2020 02:52:18,22,39,22,25,192,299,162,208
1,11/12/2020 11:03:16,27,29,25,45,142,279,163,256
1,11/12/2020 20:41:20,17,27,21,33,165,260,178,263
1,14/12/2020 08:51:18,16,24,20,25,157,247,160,192
1,14/12/2020 17:21:47,19,28,23,27,165,212,147,200
1,15/12/2020 01:44:53,18,22,19,24,166,196,150,192
1,13/12/2020 04:41:14,26,33,21,36,209,227,152,238
1,13/12/2020 13:52:38,17,59,24,29,172,327,159,228
1,14/12/2020 00:27:28,20,86,22,37,191,321,168,264
1,10/12/2020 18:42:04,15,19,20,30,164,250,153,212
1,08/12/2020 02:01:33,17,27,20,27,146,186,135,174
1,08/12/2020 10:06:16,19,26,21,30,155,203,147,197
1,08/12/2020 19:47:46,18,24,28,36,200,330,203,328
1,07/12/2020 02:17:54,17,21,22,92,155,185,151,176
1,07/12/2020 09:55:27,73,30,23,24,136,183,141,161
1,07/12/2020 17:51:55,19,26,27,30,146,190,175,182
1,09/12/2020 18:33:03,21,34,24,30,129,167,119,159
1,10/12/2020 02:32:01,89,47,22,28,172,255,144,195
1,10/12/2020 10:09:58,16,22,20,32,127,174,142,214
1,09/12/2020 03:47:27,18,22,19,32,178,180,147,192
1,09/12/2020 11:19:58,20,27,26,47,152,223,189,257
1,09/12/2020 13:59:11,0,0,16,155,0,0,92,40
1,11/12/2020 08:53:55,12,12,12,14,156,152,129,117
1,11/12/2020 18:24:13,21,18,16,18,160,154,142,130
1,12/12/2020 05:58:26,11,12,15,15,149,149,128,122
1,10/12/2020 03:56:22,12,14,12,13,170,149,108,113
1,10/12/2020 11:44:15,11,13,11,11,142,112,95,101
1,10/12/2020 22:20:28,11,38,13,12,158,177,133,148
1,13/12/2020 18:46:43,13,13,14,15,101,94,64,75
1,14/12/2020 05:30:50,13,15,11,27,130,130,117,160
1,14/12/2020 16:44:08,12,15,15,15,169,179,159,154
1,12/12/2020 18:35:12,15,15,66,15,188,195,148,170
1,13/12/2020 03:53:26,11,229,12,0,134,39,95,0
1,13/12/2020 10:47:34,13,13,11,14,92,162,95,181
1,09/12/2020 16:04:32,13,14,15,12,112,138,106,92
1,16/12/2020 12:46:02,18,24,22,33,149,191,153,208
1,06/12/2020 00:42:31,12,19,17,17,114,105,74,75
1,06/12/2020 11:30:21,19,15,13,15,158,145,144,144
1,15/12/2020 11:38:11,19,31,21,29,205,225,185,236
1,15/12/2020 18:37:26,18,19,18,33,123,132,96,169
1,16/12/2020 04:42:35,16,23,19,29,169,283,166,216
1,08/12/2020 08:02:42,9,12,11,12,129,151,137,122
1,08/12/2020 22:22:04,9,12,11,13,172,183,144,159
1,09/12/2020 07:22:14,9,11,13,17,124,140,112,108
1,07/12/2020 00:46:00,10,15,12,12,185,176,172,155
1,07/12/2020 14:12:32,11,16,11,11,175,175,138,131
1,07/12/2020 22:00:38,9,12,10,14,77,98,70,90
1,08/12/2020 22:46:23,27,29,28,73,174,184,142,147
1,09/12/2020 19:54:33,27,29,26,33,192,240,133,161
1,10/12/2020 05:12:28,25,35,20,20,241,252,122,341
1,10/12/2020 12:41:14,25,33,21,25,170,207,111,178
1,08/12/2020 20:37:40,32,34,25,22,256,278,166,246
1,09/12/2020 04:08:17,23,41,28,27,225,180,120,168
1,09/12/2020 11:26:46,23,26,21,22,228,218,126,235
1,12/12/2020 09:28:01,26,35,21,23,323,376,188,385
1,12/12/2020 16:54:51,44,94,25,71,245,190,119,146
1,13/12/2020 00:39:50,26,48,27,21,186,166,140,223
1,10/12/2020 22:40:21,23,39,27,24,268,340,185,285
1,11/12/2020 10:09:47,35,107,25,22,326,310,180,283
1,11/12/2020 19:58:15,27,37,25,28,223,289,137,295
1,08/12/2020 11:37:59,28,26,26,18,261,298,184,279
1,15/12/2020 13:22:21,20,23,25,26,370,194,280,312
1,15/12/2020 22:17:05,48,24,327,49,140,173,115,196
1,16/12/2020 05:21:56,16,33,16,24,241,259,184,292
1,14/12/2020 04:16:13,39,85,29,64,143,94,120,141
1,14/12/2020 12:06:47,20,33,18,97,253,188,199,195
1,15/12/2020 01:21:07,17,35,19,45,356,298,329,372
1,07/12/2020 10:12:42,28,33,26,29,261,395,232,359
1,07/12/2020 17:45:56,38,46,36,29,272,207,272,324
1,08/12/2020 01:41:03,26,28,22,22,195,194,110,163
1,16/12/2020 16:03:34,16,27,24,38,289,182,276,182
1,06/12/2020 10:11:21,38,115,21,20,283,368,179,365
1,06/12/2020 19:54:29,27,33,27,35,230,311,202,301
1,07/12/2020 15:18:43,20,19,43,0,160,385,181,0
1,07/12/2020 21:16:53,21,43,24,0,124,151,149,0
1,08/12/2020 03:57:59,18,35,23,0,135,182,221,0
1,06/12/2020 18:30:42,20,17,33,0,171,465,229,0
1,07/12/2020 01:19:04,18,40,36,0,174,242,237,0
1,07/12/2020 09:00:31,16,17,35,0,167,192,235,0
1,09/12/2020 09:33:41,47,20,19,0,236,440,295,0
1,09/12/2020 15:59:23,16,41,27,0,142,227,192,0
1,09/12/2020 22:10:59,17,18,31,0,116,236,176,0
1,08/12/2020 10:48:18,16,50,45,0,144,211,191,0
1,08/12/2020 17:15:30,17,34,19,0,144,201,201,0
1,08/12/2020 23:42:28,18,20,23,0,151,387,218,0
1,06/12/2020 10:24:08,18,24,30,0,216,243,238,0
1,14/12/2020 09:51:37,37,99,27,92,167,137,120,136
1,14/12/2020 13:27:11,0,72,0,58,0,0,0,0
1,14/12/2020 17:57:48,25,28,23,22,161,418,113,367
1,13/12/2020 10:30:16,39,139,0,113,0,0,0,0
1,13/12/2020 15:40:44,29,32,33,24,258,459,231,438
1,13/12/2020 22:59:40,30,35,26,28,176,187,123,207
1,16/12/2020 05:08:38,29,36,26,26,242,236,181,268
1,16/12/2020 13:35:26,34,46,30,28,220,299,156,243
1,06/12/2020 00:24:17,19,39,46,0,131,155,216,0
1,15/12/2020 00:57:47,28,38,20,24,170,165,97,158
1,15/12/2020 09:55:54,21,38,20,26,214,236,123,212
1,15/12/2020 19:11:07,24,32,22,23,214,245,127,244
1,13/12/2020 20:45:35,11,14,16,20,136,153,167,270
1,14/12/2020 06:32:03,0,0,11,96,0,0,0,0
1,14/12/2020 11:52:36,0,14,10,12,0,0,0,0
1,13/12/2020 02:11:52,30,33,35,109,146,123,146,222
1,13/12/2020 10:59:35,98,0,16,12,0,0,0,0
1,13/12/2020 14:51:50,12,164,18,24,220,128,133,221
1,15/12/2020 07:36:07,11,105,17,104,156,124,180,278
1,15/12/2020 13:29:14,0,0,0,150,0,0,0,0
1,15/12/2020 15:06:09,383,42,286,22,79,191,78,173
1,14/12/2020 14:21:09,0,18,0,19,0,236,0,0
1,14/12/2020 20:02:37,39,101,13,30,143,138,158,138
1,14/12/2020 23:59:42,0,0,0,31,0,0,0,0
1,12/12/2020 19:59:30,17,47,22,45,123,106,160,290
1,09/12/2020 21:54:34,10,15,16,22,117,239,100,139
1,10/12/2020 06:24:48,20,18,19,49,158,209,176,183
1,10/12/2020 16:25:47,36,12,12,14,169,128,153,135
1,09/12/2020 08:43:24,0,60,16,13,0,0,0,183
1,09/12/2020 15:18:16,19,13,0,24,156,161,0,162
1,09/12/2020 19:02:06,15,0,24,15,123,0,92,95
1,11/12/2020 20:26:21,35,38,34,62,194,194,107,168
1,12/12/2020 07:51:35,13,13,12,17,160,219,149,142
1,12/12/2020 14:01:29,19,51,17,43,123,173,140,163
1,10/12/2020 22:46:28,22,33,17,135,190,151,132,95
1,11/12/2020 08:42:41,15,20,17,36,184,171,152,143
1,11/12/2020 14:58:49,17,43,14,140,140,90,152,83
1,11/12/2020 00:23:20,34,44,22,52,387,230,247,179
1,11/12/2020 12:49:18,20,22,22,33,399,254,336,233
1,11/12/2020 21:16:56,15,42,26,53,210,126,188,194
1,09/12/2020 20:33:29,18,29,20,40,204,104,193,157
1,10/12/2020 03:16:26,18,37,24,59,229,134,137,301
1,10/12/2020 16:01:35,15,25,16,19,346,216,276,250
1,13/12/2020 02:17:57,13,23,22,30,222,136,202,169
1,13/12/2020 14:44:05,17,22,19,21,289,185,264,262
1,13/12/2020 22:02:30,12,41,24,60,196,122,169,146
1,12/12/2020 04:02:40,18,21,19,25,225,122,175,166
1,12/12/2020 10:58:58,23,47,21,52,220,107,178,200
1,12/12/2020 19:29:11,16,27,19,38,232,122,191,152
1,09/12/2020 13:22:40,20,34,27,52,270,347,255,256
1,16/12/2020 14:41:27,70,67,16,54,80,170,130,241
1,06/12/2020 12:08:27,10,161,19,66,323,196,260,333
1,06/12/2020 21:40:00,21,44,0,55,0,0,0,0
1,15/12/2020 19:27:49,15,14,18,49,119,154,116,125
1,16/12/2020 02:05:25,15,14,38,53,128,144,81,93
1,16/12/2020 09:12:08,14,15,18,19,139,103,171,264
1,08/12/2020 10:42:24,23,76,17,37,252,280,229,296
1,08/12/2020 19:39:04,18,41,20,43,274,141,206,197
1,09/12/2020 04:15:53,13,11,21,56,254,217,274,257
1,07/12/2020 05:06:35,16,23,18,22,406,137,260,216
1,07/12/2020 16:18:23,14,24,19,32,238,169,247,205
1,07/12/2020 23:47:28,25,105,39,113,190,136,159,121
1,08/12/2020 07:57:30,20,23,18,0,43,165,46,0
1,15/12/2020 12:15:48,22,59,36,72,300,269,349,376
1,15/12/2020 18:57:22,20,59,32,82,212,171,245,203
1,16/12/2020 01:07:09,21,57,32,78,231,256,310,197
1,14/12/2020 11:39:16,22,81,36,85,238,183,295,253
1,14/12/2020 21:16:21,19,29,33,47,351,269,447,225
1,15/12/2020 04:00:59,36,77,37,91,239,197,310,194
1,07/12/2020 07:45:26,0,20,32,21,0,304,202,261
1,08/12/2020 07:21:02,0,21,33,19,0,246,171,249
1,09/12/2020 07:35:28,0,21,74,21,0,265,220,239
1,16/12/2020 07:54:39,24,66,32,73,221,177,296,178
1,16/12/2020 14:08:26,20,68,31,80,219,140,305,208
1,06/12/2020 07:31:37,0,28,52,22,0,266,202,285
1,14/12/2020 05:25:08,23,81,35,103,180,176,245,191
1,11/12/2020 19:12:23,28,83,38,79,230,187,239,203
1,12/12/2020 01:18:20,20,83,35,75,216,218,266,238
1,12/12/2020 07:31:59,23,54,30,69,241,220,285,252
1,10/12/2020 21:34:12,21,61,27,75,281,167,299,364
1,11/12/2020 04:34:06,19,59,28,76,255,257,316,269
1,11/12/2020 12:57:58,28,58,28,65,346,227,334,210
1,13/12/2020 10:01:21,21,74,26,75,238,164,298,300
1,13/12/2020 16:10:28,24,69,33,96,200,153,287,230
1,13/12/2020 22:47:07,20,80,38,85,236,243,285,246
1,12/12/2020 15:18:33,22,68,34,62,278,215,351,194
1,12/12/2020 21:28:11,21,63,31,77,237,222,265,339
1,13/12/2020 03:46:33,21,86,29,94,250,187,244,185
1,07/12/2020 19:11:14,40,196,32,48,307,256,188,229
1,08/12/2020 18:23:28,28,24,27,25,416,365,301,352
1,09/12/2020 07:28:16,30,30,30,30,227,209,168,191
1,06/12/2020 12:18:51,0,53,26,39,0,0,0,0
1,06/12/2020 12:32:40,26,27,22,29,301,354,199,214
1,07/12/2020 05:29:03,46,202,34,46,382,308,221,251
1,11/12/2020 04:41:04,27,29,23,17,229,256,181,167
1,11/12/2020 18:18:21,35,43,30,40,299,271,186,247
1,12/12/2020 02:36:08,31,116,25,45,191,191,124,121
1,09/12/2020 19:38:52,39,121,28,29,300,249,168,202
1,10/12/2020 05:25:25,39,47,30,44,205,210,149,135
1,10/12/2020 17:49:06,34,29,27,26,281,265,170,240
1,16/12/2020 14:32:53,0,23,16,19,0,265,166,200
1,11/12/2020 13:58:16,0,27,34,26,0,244,177,266
1,11/12/2020 21:22:43,0,34,36,20,0,113,136,114
1,12/12/2020 02:07:55,0,30,49,19,0,107,114,107
1,10/12/2020 00:32:03,0,22,30,19,0,231,174,235
1,10/12/2020 17:12:48,0,19,29,24,0,222,207,270
1,11/12/2020 02:09:23,0,28,55,23,0,179,213,181
1,15/12/2020 01:52:11,0,23,54,20,0,272,239,216
1,15/12/2020 10:50:30,0,65,45,15,0,142,136,164
1,15/12/2020 22:44:09,0,30,83,19,0,269,154,205
1,13/12/2020 01:56:51,0,21,22,21,0,260,187,269
1,13/12/2020 08:27:29,0,30,110,21,0,136,85,122
1,14/12/2020 07:50:42,0,21,10,40,0,211,136,209
1,10/12/2020 09:21:44,0,27,29,25,0,177,205,186
1,10/12/2020 19:17:31,0,20,28,19,0,180,238,218
1,11/12/2020 05:11:20,0,17,22,23,0,174,253,222
1,09/12/2020 00:28:27,0,24,27,21,0,350,415,366
1,09/12/2020 08:36:13,0,15,29,31,0,116,243,151
1,10/12/2020 00:04:56,0,14,24,17,0,216,337,302
1,12/12/2020 19:06:24,0,19,26,21,0,145,188,173
1,13/12/2020 02:51:15,0,10,23,22,0,177,218,183
1,13/12/2020 15:55:05,0,35,17,91,0,235,268,346
1,11/12/2020 18:50:11,0,18,25,25,0,234,350,367
1,12/12/2020 03:27:56,0,19,24,23,0,154,282,198
1,12/12/2020 11:51:16,0,23,23,26,0,195,240,230
1,08/12/2020 07:12:21,0,25,27,22,0,200,234,198
1,14/12/2020 02:20:05,54,81,60,153,389,270,384,297
1,14/12/2020 14:02:00,40,10,52,82,217,141,244,150
1,15/12/2020 05:09:30,93,61,163,65,920,440,1034,662
1,12/12/2020 21:39:11,51,93,70,163,366,232,422,239
1,13/12/2020 06:27:29,35,74,54,96,449,236,479,277
1,13/12/2020 16:52:33,41,59,45,87,476,254,524,294
1,06/12/2020 04:51:44,0,16,18,14,0,197,369,213
1,06/12/2020 18:09:22,0,21,32,19,0,173,189,204
1,07/12/2020 17:11:11,0,31,21,21,0,381,378,383
1,15/12/2020 15:20:19,43,53,43,66,233,143,612,162
1,16/12/2020 01:22:44,46,62,56,66,737,136,491,154
1,16/12/2020 07:23:05,63,42,62,61,365,468,368,430
1,08/12/2020 04:22:37,37,71,36,76,196,139,242,374
1,08/12/2020 13:22:04,25,33,36,72,348,249,341,221
1,08/12/2020 20:59:34,18,59,31,77,264,194,390,171
1,07/12/2020 04:40:39,22,66,36,68,373,264,455,351
1,07/12/2020 16:00:13,23,52,31,52,395,372,462,334
1,07/12/2020 22:07:08,36,74,35,126,216,214,252,169
1,10/12/2020 00:54:02,23,51,34,54,215,133,358,198
1,10/12/2020 07:01:56,22,65,39,75,223,155,325,278
1,10/12/2020 14:21:08,18,61,24,71,275,199,279,291
1,09/12/2020 03:09:11,18,63,31,51,203,156,327,241
1,09/12/2020 14:44:57,21,31,28,58,408,270,465,185
1,09/12/2020 21:41:38,0,83,27,66,0,0,0,0
1,06/12/2020 19:24:40,17,33,33,36,449,331,582,262
1,15/12/2020 03:22:21,0,21,25,74,0,198,289,197
1,15/12/2020 15:44:16,0,18,19,19,0,200,313,250
1,15/12/2020 23:28:03,0,25,29,38,0,173,212,206
1,14/12/2020 01:18:17,0,35,20,25,0,181,241,233
1,14/12/2020 08:02:10,0,30,31,30,0,161,233,191
1,14/12/2020 17:00:57,0,111,24,42,0,321,254,505
1,06/12/2020 04:58:35,19,35,31,95,156,114,181,166
1,06/12/2020 11:12:59,0,0,0,0,0,0,0,0
1,06/12/2020 15:02:28,19,26,30,33,0,0,0,0
1,16/12/2020 10:57:53,0,49,19,29,0,246,297,291
1,06/12/2020 03:50:49,0,0,0,0,0,0,0,0
1,06/12/2020 04:28:44,0,71,36,25,0,0,0,0
1,12/12/2020 13:28:48,35,39,26,38,265,222,154,213
1,06/12/2020 14:20:41,25,0,170,39,248,0,370,84
1,06/12/2020 22:26:20,33,0,27,47,309,0,445,87
1,07/12/2020 05:59:33,27,0,39,87,256,0,571,90
1,16/12/2020 09:22:37,25,37,29,23,396,444,450,376
1,06/12/2020 00:11:30,28,0,27,163,163,0,199,50
1,06/12/2020 05:33:49,19,0,25,111,164,0,242,47
1,08/12/2020 11:01:11,23,0,23,65,195,0,300,47
1,08/12/2020 17:31:30,39,0,39,40,266,0,359,43
1,09/12/2020 00:07:01,37,0,26,55,289,0,349,106
1,07/12/2020 14:06:58,24,0,25,60,291,0,378,53
1,07/12/2020 20:49:38,30,0,31,94,248,0,295,43
1,08/12/2020 04:40:07,28,0,22,65,290,0,320,155
1,15/12/2020 20:02:53,32,0,32,28,0,0,0,0
1,11/12/2020 09:32:08,26,24,27,24,372,390,399,428
1,11/12/2020 18:56:39,0,27,33,32,0,0,0,0
1,12/12/2020 08:49:50,24,32,25,24,453,308,435,301
1,09/12/2020 10:29:32,29,10,26,27,402,534,501,499
1,10/12/2020 09:43:52,23,28,28,26,368,438,512,547
1,10/12/2020 19:25:52,28,32,25,31,242,245,211,215
1,14/12/2020 09:07:08,23,28,25,22,273,328,325,310
1,14/12/2020 19:05:41,20,28,22,20,156,247,292,219
1,15/12/2020 09:48:55,21,24,25,25,392,376,430,473
1,12/12/2020 18:52:02,21,31,22,25,168,228,264,221
1,13/12/2020 10:14:52,26,32,25,28,428,396,443,418
1,13/12/2020 20:38:16,29,46,38,30,266,398,404,281
1,13/12/2020 21:51:00,20,0,21,40,237,0,325,105
1,14/12/2020 06:02:24,25,0,29,174,254,0,330,47
1,14/12/2020 12:14:22,37,0,27,239,273,0,287,45
1,13/12/2020 01:05:55,33,0,25,91,287,0,309,73
1,13/12/2020 07:21:27,30,0,23,88,276,0,372,52
1,13/12/2020 13:36:58,24,0,25,63,214,0,293,50
1,16/12/2020 04:06:19,56,0,33,228,328,0,363,39
1,16/12/2020 11:27:59,25,0,22,113,302,0,384,37
1,06/12/2020 07:19:21,32,39,21,19,84,332,113,263
1,15/12/2020 06:10:12,48,0,30,63,364,0,421,83
1,15/12/2020 12:59:41,24,0,22,219,206,0,230,43
1,15/12/2020 21:19:08,24,0,23,113,253,0,335,41
1,12/12/2020 18:44:36,25,0,23,97,200,0,280,93
1,10/12/2020 08:21:47,35,0,25,75,270,0,352,56
1,10/12/2020 13:58:04,25,0,24,75,221,0,256,92
1,10/12/2020 20:22:59,32,0,37,65,304,0,404,43
1,09/12/2020 07:05:36,30,0,30,52,317,0,360,75
1,09/12/2020 15:40:59,29,0,29,41,283,0,418,82
1,10/12/2020 01:47:50,24,0,59,42,339,0,476,93
1,12/12/2020 00:03:38,22,0,24,74,229,0,277,93
1,12/12/2020 06:30:17,28,0,26,113,240,0,278,47
1,12/12/2020 12:23:59,27,0,23,42,265,0,298,273
1,11/12/2020 03:29:07,28,0,26,77,266,0,359,101
1,11/12/2020 09:39:12,27,0,20,44,239,0,269,138
1,11/12/2020 16:33:00,26,0,24,66,235,0,324,109
1,08/12/2020 20:30:02,17,163,147,15,138,170,143,141
1,09/12/2020 02:37:05,16,32,19,18,138,155,118,143
1,09/12/2020 09:03:17,22,11,22,15,167,175,154,152
1,08/12/2020 01:34:34,18,15,15,12,133,154,204,118
1,08/12/2020 07:42:17,17,17,17,16,127,151,123,124
1,08/12/2020 14:15:40,106,18,18,56,162,183,133,148
1,10/12/2020 11:50:21,19,18,21,18,178,193,190,171
1,10/12/2020 18:15:36,16,15,13,12,121,140,113,121
1,11/12/2020 01:15:59,42,60,17,16,249,217,157,157
1,09/12/2020 15:09:25,25,21,19,20,158,171,177,147
1,09/12/2020 21:47:48,19,63,22,18,135,175,131,142
1,10/12/2020 04:05:23,10,18,20,33,153,188,117,114
1,07/12/2020 19:01:03,22,18,23,21,229,282,219,180
1,15/12/2020 14:38:59,39,36,90,35,437,363,269,277
1,15/12/2020 22:03:39,60,87,52,64,158,148,120,135
1,16/12/2020 03:25:31,64,91,58,157,150,179,108,139
1,12/12/2020 22:47:29,50,78,30,55,260,299,161,246
1,14/12/2020 01:56:19,35,82,31,83,288,276,155,119
1,14/12/2020 19:56:13,37,37,29,38,392,354,271,346
1,06/12/2020 20:36:39,33,17,17,10,207,249,269,164
1,07/12/2020 03:15:33,20,16,81,17,142,169,163,140
1,07/12/2020 13:00:21,20,30,0,19,151,158,0,156
1,15/12/2020 16:58:17,0,102,0,47,0,0,0,0
1,06/12/2020 05:39:41,18,18,18,19,163,190,139,157
1,06/12/2020 14:01:54,22,18,0,19,149,160,0,156
1,15/12/2020 21:38:20,18,20,22,19,151,174,110,134
1,16/12/2020 06:19:35,25,38,0,17,152,172,0,187
1,16/12/2020 12:31:09,21,18,19,16,170,172,227,110
1,14/12/2020 22:21:07,28,18,19,39,204,209,161,166
1,15/12/2020 07:27:23,20,15,20,18,211,207,168,180
1,15/12/2020 14:55:52,21,17,19,19,172,202,158,185
1,07/12/2020 19:45:53,25,31,30,27,171,170,246,176
1,08/12/2020 09:46:12,22,27,20,38,283,272,293,285
1,08/12/2020 18:30:26,24,25,28,23,212,241,225,250
1,06/12/2020 10:58:07,24,23,29,27,355,465,413,445
1,06/12/2020 20:27:54,42,32,31,40,174,222,305,326
1,07/12/2020 10:37:40,23,31,26,25,425,375,401,370
1,14/12/2020 16:09:02,18,20,20,19,108,146,120,120
1,12/12/2020 04:55:21,21,20,19,19,135,156,116,133
1,12/12/2020 11:17:40,83,0,28,18,0,0,122,137
1,12/12/2020 16:11:59,20,15,16,17,175,249,122,104
1,11/12/2020 09:07:50,20,16,134,19,204,196,173,187
1,11/12/2020 16:39:47,19,52,19,19,175,221,155,191
1,11/12/2020 22:46:54,22,15,23,18,140,159,137,120
1,13/12/2020 18:59:44,22,17,20,20,165,174,156,151
1,14/12/2020 01:30:02,18,10,20,19,117,168,114,126
1,14/12/2020 08:58:39,21,19,16,19,149,201,160,179
1,12/12/2020 22:24:58,16,17,18,21,154,162,125,129
1,13/12/2020 05:40:39,19,15,127,44,163,197,127,153
1,13/12/2020 12:26:07,22,17,23,16,171,170,135,110
1,12/12/2020 14:16:50,37,57,53,165,392,245,431,303
1,09/12/2020 01:18:54,17,15,8,17,103,185,81,127
1,09/12/2020 10:45:15,13,13,9,14,117,199,108,179
1,09/12/2020 16:54:46,17,13,9,13,81,140,78,130
1,07/12/2020 23:34:58,18,19,11,16,87,158,68,106
1,08/12/2020 10:00:05,15,12,12,9,135,258,120,139
1,08/12/2020 18:51:30,15,10,13,15,130,191,110,168
1,11/12/2020 10:29:42,20,16,9,14,139,238,116,181
1,11/12/2020 17:44:38,16,16,10,15,102,168,85,135
1,12/12/2020 00:51:54,15,28,10,13,105,168,84,126
1,10/12/2020 08:35:47,20,15,8,14,180,280,125,237
1,10/12/2020 14:36:35,14,13,8,14,73,130,68,107
1,10/12/2020 23:33:37,15,13,10,14,116,200,102,152
1,07/12/2020 17:16:25,17,16,11,13,95,157,78,133
1,14/12/2020 20:46:41,25,23,24,20,275,221,222,256
1,15/12/2020 09:03:40,28,25,22,23,272,287,262,281
1,15/12/2020 19:35:56,25,22,20,85,282,225,195,261
1,13/12/2020 09:48:04,27,53,23,30,253,279,227,282
1,13/12/2020 23:27:52,23,31,21,28,274,364,276,300
1,14/12/2020 11:31:58,34,31,26,28,276,272,235,333
1,06/12/2020 12:14:34,15,15,19,16,120,191,106,164
1,06/12/2020 21:00:39,17,14,7,11,131,218,109,180
1,07/12/2020 10:27:06,19,15,8,13,182,286,114,195
1,16/12/2020 03:33:04,28,22,21,25,244,194,189,241
1,16/12/2020 10:41:20,25,22,27,25,191,180,227,215
1,06/12/2020 02:47:34,16,15,13,13,106,168,104,156
1,08/12/2020 09:03:00,20,24,27,19,164,260,193,214
1,08/12/2020 19:25:02,18,20,19,17,169,212,181,212
1,09/12/2020 05:44:38,22,17,20,15,179,264,186,202
1,06/12/2020 21:34:14,22,19,19,19,287,372,369,334
1,07/12/2020 05:18:20,20,31,23,19,127,200,122,180
1,07/12/2020 22:17:02,24,24,24,25,286,408,282,335
1,10/12/2020 23:18:26,21,16,17,17,156,226,150,159
1,11/12/2020 07:40:08,18,20,16,17,131,173,149,155
1,11/12/2020 18:04:31,21,20,18,16,202,243,185,214
1,09/12/2020 18:27:12,23,22,25,19,219,342,277,286
1,10/12/2020 01:16:10,20,18,27,18,108,142,142,129
1,10/12/2020 14:51:38,23,19,20,17,233,307,222,271
1,06/12/2020 12:37:44,0,37,23,18,0,0,0,0
1,13/12/2020 09:25:10,19,15,12,18,120,162,97,171
1,13/12/2020 16:41:06,16,15,9,13,99,167,93,135
1,13/12/2020 23:12:22,15,10,12,17,78,143,73,112
1,12/12/2020 09:50:16,13,15,10,14,112,204,109,158
1,12/12/2020 17:07:18,14,12,10,13,96,154,88,130
1,13/12/2020 01:27:50,20,11,9,13,95,185,89,143
1,15/12/2020 09:27:38,20,14,9,12,96,168,85,119
1,15/12/2020 21:26:09,18,20,11,16,147,265,116,220
1,16/12/2020 08:35:34,17,16,9,16,143,212,106,184
1,14/12/2020 07:44:48,17,64,9,17,126,154,84,155
1,14/12/2020 19:30:52,18,16,10,17,142,229,116,197
1,15/12/2020 02:08:47,16,14,9,16,95,139,75,116
1,12/12/2020 08:21:25,36,36,100,0,72,103,43,0
1,12/12/2020 15:09:37,39,31,0,0,98,113,0,0
1,12/12/2020 17:11:55,18,19,20,0,53,108,89,0
1,11/12/2020 19:45:44,19,31,36,0,48,72,47,0
1,11/12/2020 19:50:02,19,17,31,0,90,120,47,0
1,12/12/2020 02:42:44,33,73,169,0,78,121,92,0
1,13/12/2020 12:36:58,17,17,22,0,154,211,141,0
1,13/12/2020 16:25:48,0,195,0,0,0,14,0,0
1,13/12/2020 18:34:37,104,81,28,0,82,125,43,0
1,12/12/2020 19:22:33,76,0,0,0,43,0,0,0
1,12/12/2020 23:50:26,20,16,22,0,91,216,90,0
1,13/12/2020 09:53:32,20,130,22,0,42,67,42,0
1,11/12/2020 14:19:44,21,26,36,0,104,142,126,0
1,09/12/2020 12:41:40,18,21,72,0,178,139,72,0
1,09/12/2020 17:39:55,25,30,21,0,200,104,59,0
1,09/12/2020 21:33:16,0,20,23,0,0,69,49,0
1,08/12/2020 12:50:50,19,69,20,0,88,118,76,0
1,08/12/2020 22:29:19,19,80,99,0,99,172,157,0
1,09/12/2020 06:03:42,0,20,48,0,0,123,113,0
1,10/12/2020 21:19:38,36,25,37,0,89,171,143,0
1,11/12/2020 00:13:11,21,23,19,0,48,70,48,0
1,11/12/2020 07:55:06,21,22,22,0,109,175,98,0
1,10/12/2020 05:48:14,20,17,24,0,100,205,89,0
1,10/12/2020 12:46:42,21,25,80,0,87,112,111,0
1,10/12/2020 15:41:32,19,41,96,0,55,78,46,0
1,09/12/2020 12:14:57,23,25,22,24,274,289,287,265
1,09/12/2020 20:05:51,35,23,25,24,236,256,232,252
1,10/12/2020 05:19:20,25,22,22,21,230,197,174,248
1,08/12/2020 02:08:42,31,25,20,38,225,152,190,202
1,08/12/2020 11:47:48,24,26,27,22,235,264,267,251
1,08/12/2020 23:58:36,25,25,98,20,306,328,338,292
1,12/12/2020 00:33:34,26,27,22,27,399,347,281,358
1,12/12/2020 11:07:11,24,25,25,26,215,239,250,323
1,13/12/2020 00:14:08,26,23,39,20,340,305,315,297
1,10/12/2020 12:53:04,20,27,19,20,205,184,199,188
1,11/12/2020 01:03:53,28,22,24,66,332,314,276,327
1,11/12/2020 10:55:48,116,25,27,22,165,195,237,259
1,07/12/2020 16:34:48,24,23,26,21,299,247,274,320
1,14/12/2020 20:21:56,23,148,148,0,46,73,45,0
1,15/12/2020 03:40:10,25,31,49,0,120,169,149,0
1,15/12/2020 09:32:22,32,43,22,0,76,118,86,0
1,14/12/2020 02:32:09,22,79,24,0,126,179,136,0
1,14/12/2020 11:09:05,18,26,111,0,62,84,50,0
1,14/12/2020 17:34:23,21,17,22,0,107,242,153,0
1,16/12/2020 13:49:20,15,22,21,0,86,141,96,0
1,06/12/2020 06:52:19,95,27,27,31,154,192,223,201
1,07/12/2020 02:53:06,25,22,54,23,434,459,406,450
1,15/12/2020 18:31:09,147,33,25,0,44,133,66,0
1,16/12/2020 00:46:03,18,75,89,0,61,280,101,0
1,16/12/2020 06:26:02,19,32,71,0,83,126,47,0
1,12/12/2020 01:04:57,24,19,18,15,123,178,124,144
1,11/12/2020 21:33:45,17,0,13,34,58,0,69,92
1,12/12/2020 02:01:46,19,0,0,30,65,0,0,75
1,12/12/2020 08:38:48,21,0,12,102,122,0,114,144
1,11/12/2020 06:41:24,17,0,11,52,113,0,97,132
1,11/12/2020 14:13:32,19,0,15,46,121,0,99,123
1,11/12/2020 17:50:05,77,0,13,44,47,0,47,53
1,13/12/2020 06:41:52,51,0,15,134,76,0,100,133
1,13/12/2020 13:22:32,22,0,17,84,102,0,86,86
1,13/12/2020 16:57:57,132,0,33,124,45,0,43,52
1,12/12/2020 14:06:49,86,0,12,43,86,0,76,91
1,12/12/2020 19:43:02,17,0,10,89,94,0,77,95
1,12/12/2020 23:56:03,33,0,21,0,92,0,53,0
1,10/12/2020 22:14:31,21,0,10,97,93,0,82,104
1,08/12/2020 17:41:59,23,0,12,25,56,0,69,65
1,08/12/2020 21:33:06,48,0,14,30,60,0,39,84
1,09/12/2020 04:01:00,21,0,11,21,143,0,105,119
1,08/12/2020 02:13:16,35,0,17,29,95,0,78,98
1,08/12/2020 07:02:46,19,0,13,27,63,0,55,73
1,08/12/2020 12:45:40,19,0,141,71,87,0,85,91
1,10/12/2020 07:27:58,16,0,12,26,99,0,81,97
1,10/12/2020 11:30:46,71,0,34,86,64,0,68,61
1,10/12/2020 16:18:45,22,0,14,33,59,0,69,84
1,09/12/2020 16:13:53,28,0,12,183,181,0,140,212
1,09/12/2020 18:50:02,102,0,19,116,49,0,71,54
1,09/12/2020 23:55:41,36,0,11,104,64,0,95,113
1,09/12/2020 11:38:07,49,159,69,161,494,419,508,415
1,09/12/2020 22:53:19,36,47,54,61,497,357,784,327
1,10/12/2020 05:36:28,39,79,65,151,332,191,323,173
1,08/12/2020 05:39:34,33,40,44,53,631,479,613,429
1,08/12/2020 16:31:08,42,75,52,146,482,263,539,349
1,09/12/2020 00:38:44,70,142,66,159,344,275,351,255
1,11/12/2020 13:37:20,44,91,70,144,391,273,366,222
1,11/12/2020 22:07:11,51,141,70,154,438,336,665,284
1,12/12/2020 06:47:48,45,96,52,147,409,237,478,235
1,10/12/2020 13:51:13,48,88,56,91,373,219,373,261
1,10/12/2020 20:57:17,58,77,52,80,305,256,314,292
1,11/12/2020 06:13:22,36,62,48,126,417,254,645,372
1,07/12/2020 19:35:42,45,100,51,69,260,176,276,176
1,15/12/2020 07:47:31,20,0,12,339,115,0,82,183
1,15/12/2020 17:04:43,62,0,12,100,111,0,88,132
1,15/12/2020 23:32:09,33,0,15,35,77,0,70,66
1,13/12/2020 22:23:51,18,0,13,99,91,0,86,111
1,14/12/2020 07:10:10,18,0,10,102,102,0,87,112
1,14/12/2020 23:03:53,17,0,26,134,188,0,133,51
1,06/12/2020 05:26:10,39,79,65,143,267,170,276,186
1,06/12/2020 16:10:54,34,34,39,158,488,323,682,236
1,07/12/2020 06:26:05,56,81,51,55,612,582,609,436
1,16/12/2020 07:36:27,20,0,9,158,105,0,94,106
1,16/12/2020 12:00:48,68,0,18,171,76,0,92,84
1,16/12/2020 15:06:18,20,0,14,0,59,0,45,0
1,07/12/2020 21:39:51,36,117,45,48,163,145,161,192
1,08/12/2020 02:35:33,49,204,110,136,152,193,156,295
1,08/12/2020 12:59:52,43,57,39,51,332,275,337,389
1,06/12/2020 17:47:53,38,71,35,302,187,242,269,193
1,07/12/2020 02:41:32,31,32,42,54,157,398,318,383
1,07/12/2020 15:30:15,28,41,43,54,539,336,449,515
1,09/12/2020 21:14:08,187,35,48,43,202,216,258,271
1,10/12/2020 03:24:41,32,66,104,82,221,171,219,318
1,10/12/2020 11:39:11,33,75,51,59,141,252,329,339
1,08/12/2020 19:18:11,31,71,43,87,227,173,266,331
1,09/12/2020 04:24:22,36,59,45,43,332,294,320,370
1,09/12/2020 14:18:18,35,40,42,64,320,282,326,430
1,06/12/2020 10:41:58,38,45,50,133,351,308,309,431
1,13/12/2020 18:53:29,23,19,19,18,166,250,176,215
1,14/12/2020 01:36:50,23,19,19,25,132,200,131,117
1,14/12/2020 11:59:40,17,57,20,20,172,218,192,253
1,12/12/2020 13:51:32,17,19,19,22,201,272,234,314
1,12/12/2020 22:31:44,22,21,18,17,144,244,160,192
1,13/12/2020 08:34:32,24,19,19,18,179,212,195,200
1,16/12/2020 00:05:57,30,21,20,18,161,207,124,144
1,16/12/2020 12:08:41,24,27,20,17,234,295,207,246
1,06/12/2020 03:15:09,40,124,55,191,0,154,0,0
1,14/12/2020 22:41:19,20,19,20,19,200,287,236,270
1,15/12/2020 10:43:52,23,22,32,40,196,272,209,230
1,15/12/2020 17:15:30,25,27,23,17,135,128,126,149
1,16/12/2020 09:03:53,52,59,0,66,236,231,0,0
1,06/12/2020 00:58:58,18,0,9,135,96,0,87,116
1,06/12/2020 11:05:43,21,0,13,139,135,0,124,167
1,15/12/2020 10:11:20,50,68,66,85,228,186,194,204
1,15/12/2020 16:16:15,41,81,41,45,196,223,224,331
1,15/12/2020 22:37:41,39,69,51,134,229,213,205,179
1,07/12/2020 13:26:16,21,0,11,28,116,0,103,125
1,07/12/2020 16:11:30,23,0,16,72,86,0,88,55
1,07/12/2020 19:26:11,17,0,12,219,46,0,43,77
1,06/12/2020 16:30:38,18,0,13,23,74,0,70,83
1,06/12/2020 23:15:48,19,0,15,177,122,0,92,110
1,07/12/2020 05:11:42,76,0,10,27,47,0,62,75
1,15/12/2020 02:53:13,130,36,49,47,533,379,463,514
1,11/12/2020 19:06:06,43,113,69,84,266,236,327,356
1,12/12/2020 01:41:16,61,58,107,77,206,241,192,228
1,12/12/2020 12:58:18,67,47,53,55,396,368,397,474
1,10/12/2020 19:09:55,0,61,49,33,0,0,0,0
1,11/12/2020 01:53:06,36,35,42,41,423,370,396,559
1,11/12/2020 12:09:38,34,36,111,72,312,259,293,401
1,13/12/2020 21:42:53,64,65,66,74,224,137,229,238
1,14/12/2020 05:18:35,50,42,81,55,296,310,256,346
1,14/12/2020 12:59:59,40,59,108,74,270,296,283,353
1,12/12/2020 20:26:20,36,64,78,80,306,238,312,350
1,13/12/2020 03:35:16,120,60,63,156,223,250,305,336
1,13/12/2020 14:18:11,49,58,51,53,404,309,321,423
1,06/12/2020 18:02:28,16,21,23,21,129,279,194,134
1,06/12/2020 01:15:19,20,41,28,21,199,186,259,152
1,06/12/2020 08:30:23,18,19,19,20,195,174,253,162
1,06/12/2020 20:54:00,34,21,78,20,420,239,401,284
1,15/12/2020 20:44:48,21,36,23,28,178,393,154,259
1,16/12/2020 05:31:05,20,10,26,25,278,364,223,368
1,16/12/2020 12:39:30,16,21,25,26,219,269,210,314
1,08/12/2020 04:11:53,29,33,18,28,168,147,182,150
1,08/12/2020 11:15:47,31,21,20,17,240,145,222,142
1,08/12/2020 19:08:41,25,27,29,18,236,172,261,181
1,07/12/2020 06:36:45,23,18,21,26,299,185,329,197
1,07/12/2020 15:07:11,26,32,21,23,267,194,257,194
1,07/12/2020 21:49:26,29,33,29,34,261,154,220,179
1,15/12/2020 13:38:18,19,118,23,27,180,218,176,260
1,12/12/2020 23:38:12,18,25,20,24,250,355,173,293
1,13/12/2020 06:06:21,21,40,22,24,207,260,165,264
1,13/12/2020 13:02:51,0,23,21,24,0,0,145,0
1,12/12/2020 03:11:51,21,23,31,28,190,192,225,308
1,12/12/2020 09:42:28,24,39,33,32,205,259,218,280
1,12/12/2020 15:57:12,21,27,23,40,208,223,176,252
1,14/12/2020 17:08:25,18,22,20,22,194,224,176,260
1,15/12/2020 00:51:59,19,20,25,22,223,290,187,267
1,15/12/2020 07:03:33,20,25,24,30,203,250,168,258
1,13/12/2020 20:58:25,19,20,20,27,220,385,198,378
1,14/12/2020 03:07:29,22,56,26,36,172,346,161,207
1,14/12/2020 10:11:34,27,27,24,34,261,277,174,339
1,13/12/2020 21:14:49,25,20,20,21,227,179,235,194
1,14/12/2020 03:27:14,16,17,21,22,183,104,194,184
1,14/12/2020 11:23:34,29,19,22,29,241,160,259,173
1,13/12/2020 00:58:18,21,21,19,31,246,152,225,181
1,13/12/2020 07:10:50,19,20,19,36,171,175,177,185
1,13/12/2020 13:42:52,21,23,20,31,195,137,184,166
1,15/12/2020 18:24:38,29,20,25,83,191,165,222,160
1,16/12/2020 00:31:00,22,0,18,40,0,0,0,142
1,16/12/2020 08:44:04,17,19,34,20,239,343,230,235
1,14/12/2020 19:47:14,36,25,25,17,336,202,316,214
1,15/12/2020 02:25:32,26,102,19,26,224,249,224,166
1,15/12/2020 10:36:24,21,58,18,19,249,149,291,259
1,12/12/2020 18:07:34,23,53,20,27,278,214,250,178
1,10/12/2020 01:36:42,28,23,24,22,234,168,274,173
1,10/12/2020 07:52:12,21,40,23,24,249,179,221,161
1,10/12/2020 14:12:29,23,40,18,18,217,190,200,155
1,09/12/2020 02:45:20,20,25,24,18,256,173,289,183
1,09/12/2020 11:58:16,25,21,23,24,286,241,285,221
1,09/12/2020 18:39:35,31,36,22,30,233,163,233,177
1,11/12/2020 19:19:44,29,22,19,28,251,160,229,187
1,12/12/2020 01:57:33,43,170,26,44,242,259,284,220
1,12/12/2020 10:01:16,29,27,31,23,317,215,386,221
1,10/12/2020 22:06:10,28,30,22,23,281,195,275,231
1,11/12/2020 04:26:38,24,67,22,20,277,170,319,185
1,11/12/2020 12:33:10,24,70,19,19,316,156,322,268
1,12/12/2020 17:41:19,34,24,26,24,213,310,176,389
1,13/12/2020 01:50:33,29,21,21,19,154,120,70,170
1,13/12/2020 14:59:22,95,26,25,22,170,275,162,293
1,11/12/2020 03:13:34,28,22,23,24,131,150,104,190
1,11/12/2020 16:18:18,31,21,29,28,215,231,169,321
1,12/12/2020 01:33:22,28,21,22,18,110,143,75,188
1,15/12/2020 11:30:58,28,23,28,23,152,242,153,279
1,15/12/2020 20:29:45,35,22,26,25,121,161,90,241
1,16/12/2020 04:17:49,37,33,101,19,114,130,180,147
1,13/12/2020 23:18:47,36,21,24,21,89,113,104,198
1,14/12/2020 13:43:09,28,23,24,22,219,232,121,308
1,14/12/2020 23:10:46,39,41,22,22,129,211,118,227
1,10/12/2020 17:38:56,23,22,23,26,185,266,141,343
1,16/12/2020 14:53:57,30,27,31,14,213,243,125,253
1,06/12/2020 01:06:32,53,25,27,35,86,123,100,146
1,06/12/2020 11:58:34,28,22,26,22,123,186,109,260
1,15/12/2020 18:11:30,34,18,28,17,248,201,146,286
1,16/12/2020 01:52:33,26,20,31,18,256,210,142,330
1,16/12/2020 08:51:53,27,17,19,18,272,206,107,308
1,08/12/2020 19:31:47,28,26,30,27,149,204,162,204
1,09/12/2020 13:00:00,33,24,23,26,230,333,128,434
1,10/12/2020 00:11:33,28,24,20,27,81,180,128,187
1,07/12/2020 02:32:02,32,23,26,22,146,238,166,248
1,07/12/2020 18:22:02,36,24,26,27,167,247,125,343
1,08/12/2020 06:19:48,33,20,20,21,105,169,85,177
1,10/12/2020 03:08:32,15,21,21,20,161,226,160,249
1,10/12/2020 10:38:59,0,0,0,0,0,0,0,0
1,10/12/2020 13:31:25,0,0,0,0,0,0,0,0
1,09/12/2020 04:31:06,18,24,27,25,194,213,165,224
1,09/12/2020 12:50:00,19,27,25,27,197,324,194,280
1,09/12/2020 19:30:16,19,21,21,23,186,203,133,222
1,11/12/2020 13:24:57,0,0,0,0,0,0,0,0
1,11/12/2020 14:34:06,19,21,24,23,223,299,194,317
1,11/12/2020 21:03:07,21,29,22,26,159,230,132,203
1,10/12/2020 14:30:21,21,11,23,25,299,368,300,379
1,10/12/2020 21:41:48,20,25,22,26,202,272,162,282
1,11/12/2020 05:59:59,27,26,23,31,299,281,215,368
1,08/12/2020 21:49:51,20,42,21,23,181,261,123,229
1,06/12/2020 13:56:42,17,22,20,22,173,190,152,209
1,06/12/2020 20:43:10,15,29,20,23,153,190,134,200
1,07/12/2020 04:29:09,14,10,18,21,180,210,157,232
1,16/12/2020 14:01:05,24,25,25,22,175,186,114,252
1,06/12/2020 02:12:59,17,15,18,0,226,264,220,0
1,06/12/2020 06:12:33,18,25,24,30,161,178,131,201
1,08/12/2020 07:31:07,25,23,21,23,171,189,137,210
1,08/12/2020 14:27:37,0,0,0,0,0,0,0,0
1,08/12/2020 15:29:42,15,27,24,26,184,274,174,228
1,07/12/2020 10:58:30,19,19,25,21,189,175,158,179
1,07/12/2020 18:13:24,18,19,21,20,163,174,125,217
1,08/12/2020 01:12:32,17,20,20,21,168,188,133,169
1,06/12/2020 11:45:21,19,29,24,0,257,223,272,0
1,08/12/2020 10:34:08,20,19,15,16,128,231,116,255
1,08/12/2020 17:37:49,16,18,11,19,134,217,121,208
1,09/12/2020 01:45:52,15,18,11,21,174,263,137,319
1,07/12/2020 15:42:24,19,19,0,16,0,0,0,0
1,07/12/2020 20:30:02,17,17,10,18,130,206,115,282
1,08/12/2020 03:52:18,18,20,15,29,149,160,124,146
1,10/12/2020 10:27:17,20,18,12,19,203,236,135,309
1,10/12/2020 21:58:34,15,17,11,21,250,317,150,359
1,11/12/2020 08:23:52,17,20,14,17,213,193,156,284
1,09/12/2020 07:52:53,16,23,12,39,119,149,121,253
1,09/12/2020 15:47:39,18,17,12,19,134,215,134,248
1,10/12/2020 01:56:22,16,21,14,22,228,341,167,283
1,07/12/2020 08:54:00,19,20,12,24,169,212,119,232
1,15/12/2020 06:28:10,22,0,19,30,175,0,160,174
1,15/12/2020 12:44:54,16,15,27,19,165,249,168,181
1,15/12/2020 19:16:29,30,20,27,20,121,107,132,125
1,14/12/2020 09:45:17,28,22,46,35,173,145,184,160
1,14/12/2020 16:49:43,20,17,24,18,180,141,185,188
1,14/12/2020 23:31:59,24,36,20,27,165,118,177,154
1,06/12/2020 09:03:09,19,18,12,15,240,295,151,304
1,06/12/2020 15:44:01,15,73,12,30,129,128,109,206
1,07/12/2020 01:10:09,15,33,12,29,182,285,124,276
1,16/12/2020 01:39:09,22,30,23,35,186,129,137,136
1,16/12/2020 08:57:21,20,20,18,22,180,131,163,188
1,16/12/2020 15:33:19,43,116,27,46,209,148,179,171
1,16/12/2020 08:23:07,18,21,13,26,135,210,114,253
1,16/12/2020 15:56:05,14,12,11,16,153,306,128,242
1,15/12/2020 16:49:25,12,27,13,79,123,132,123,123
1,15/12/2020 11:55:30,18,19,14,20,132,208,119,245
1,15/12/2020 19:56:26,16,15,13,18,151,227,120,246
1,16/12/2020 02:12:00,15,21,12,25,145,156,115,203
1,06/12/2020 23:22:50,20,20,19,19,153,165,91,228
1,07/12/2020 18:07:02,19,21,18,22,174,212,166,189
1,08/12/2020 07:51:22,20,19,16,18,147,109,86,168
1,16/12/2020 00:38:08,0,0,0,0,0,0,0,0
1,16/12/2020 07:29:55,15,65,14,12,193,213,199,195
1,06/12/2020 07:24:40,18,21,19,18,98,126,95,104
1,15/12/2020 04:37:47,19,22,17,28,157,192,133,235
1,12/12/2020 13:21:33,18,18,11,23,139,195,116,180
1,12/12/2020 20:33:44,14,17,10,20,164,222,121,263
1,13/12/2020 03:17:37,13,24,14,28,131,185,128,245
1,11/12/2020 16:47:37,16,21,17,22,186,249,178,304
1,11/12/2020 23:07:22,20,21,18,26,143,177,131,180
1,12/12/2020 06:55:08,16,18,11,18,142,210,129,268
1,14/12/2020 07:27:03,15,29,10,26,146,286,117,251
1,14/12/2020 15:44:43,14,16,13,17,140,210,150,239
1,14/12/2020 22:14:31,17,20,13,28,140,245,98,235
1,13/12/2020 11:08:13,16,20,9,17,151,281,123,234
1,13/12/2020 17:16:36,14,17,0,13,0,0,0,0
1,13/12/2020 23:55:15,13,13,11,16,149,293,137,349
1,14/12/2020 13:55:12,26,22,21,0,367,244,312,0
1,14/12/2020 23:26:31,23,22,22,0,271,246,273,0
1,15/12/2020 14:29:17,26,23,19,0,388,312,358,0
1,12/12/2020 20:42:18,21,24,18,0,299,167,240,0
1,13/12/2020 15:17:22,27,25,24,0,454,373,355,0
1,14/12/2020 01:12:13,24,25,19,0,236,152,293,0
1,06/12/2020 14:36:01,16,46,28,23,92,205,225,194
1,06/12/2020 21:24:54,23,104,34,24,295,193,208,204
1,07/12/2020 04:05:09,19,27,29,29,173,119,188,180
1,15/12/2020 23:48:10,26,25,16,0,265,250,243,0
1,16/12/2020 10:18:02,28,31,16,0,329,211,273,0
1,06/12/2020 06:30:30,22,51,22,21,241,304,254,241
1,12/12/2020 11:28:12,27,29,21,0,435,397,383,0
1,08/12/2020 11:23:38,23,22,20,0,317,251,281,0
1,08/12/2020 23:04:19,23,31,20,0,287,259,300,0
1,09/12/2020 08:28:06,22,35,20,0,232,213,242,0
1,07/12/2020 00:33:05,23,25,22,0,262,279,317,0
1,07/12/2020 10:02:26,18,34,20,0,221,152,221,0
1,07/12/2020 22:29:11,25,37,20,0,272,324,274,0
1,11/12/2020 02:02:40,22,22,22,0,316,311,324,0
1,11/12/2020 11:52:05,25,22,16,0,303,229,251,0
1,11/12/2020 21:10:35,33,26,18,0,284,185,227,0
1,09/12/2020 17:02:31,26,24,20,0,255,203,209,0
1,10/12/2020 03:43:18,24,33,18,0,242,261,230,0
1,10/12/2020 13:42:15,29,35,21,0,296,264,259,0
1,11/12/2020 22:41:42,0,53,40,20,0,0,0,0
1,12/12/2020 04:19:34,20,21,28,22,214,194,220,219
1,12/12/2020 11:12:44,25,20,38,20,176,145,164,170
1,11/12/2020 00:48:23,29,50,31,29,231,134,210,190
1,11/12/2020 09:00:20,19,36,30,21,196,193,209,181
1,11/12/2020 15:56:10,19,21,24,21,156,126,145,144
1,13/12/2020 13:29:35,19,122,19,17,223,103,174,206
1,13/12/2020 20:20:48,27,36,22,19,164,114,146,142
1,14/12/2020 02:54:31,34,96,27,29,164,144,191,203
1,12/12/2020 17:46:42,21,24,33,21,174,141,155,167
1,13/12/2020 00:25:08,29,34,34,24,185,136,181,183
1,13/12/2020 06:48:20,29,24,30,22,202,140,161,177
1,10/12/2020 18:10:40,21,19,17,20,196,199,208,191
1,08/12/2020 06:53:24,20,58,35,26,154,107,142,142
1,08/12/2020 13:29:45,26,25,22,22,208,147,270,168
1,08/12/2020 20:22:10,21,76,43,22,201,175,211,215
1,07/12/2020 10:51:25,21,28,31,29,202,162,247,175
1,07/12/2020 17:30:01,69,18,30,21,129,113,172,125
1,08/12/2020 00:19:44,22,25,34,26,223,208,198,260
1,10/12/2020 00:20:40,0,40,28,21,0,0,0,0
1,10/12/2020 06:13:29,19,19,39,40,243,210,302,238
1,10/12/2020 13:19:51,0,34,42,21,0,0,0,0
1,09/12/2020 03:14:42,27,26,36,20,181,173,165,192
1,09/12/2020 10:01:48,20,40,33,40,238,156,175,218
1,09/12/2020 17:10:14,19,33,25,21,136,142,168,145
1,15/12/2020 08:28:49,28,57,32,19,486,532,295,485
1,14/12/2020 23:51:18,47,142,36,28,282,444,371,571
1,15/12/2020 15:59:39,44,258,34,41,185,360,414,607
1,16/12/2020 01:30:03,0,0,91,164,0,0,0,89
1,13/12/2020 08:08:46,36,34,30,24,247,619,268,301
1,13/12/2020 21:08:08,229,177,35,29,190,201,354,397
1,14/12/2020 12:42:28,75,0,38,48,199,0,0,0
1,06/12/2020 22:59:46,22,19,0,53,193,202,0,133
1,07/12/2020 09:24:48,19,21,0,30,310,347,0,267
1,07/12/2020 16:25:35,20,24,0,93,192,259,0,188
1,16/12/2020 12:22:07,48,248,37,24,527,283,511,307
1,06/12/2020 09:46:19,19,18,0,154,320,342,0,244
1,06/12/2020 16:26:14,22,19,0,42,207,217,0,118
1,12/12/2020 22:39:36,273,0,90,29,15,0,209,230
1,08/12/2020 17:57:42,48,243,50,28,377,558,487,559
1,09/12/2020 02:15:27,95,15,101,105,172,226,205,216
1,09/12/2020 06:32:14,0,0,46,29,0,0,195,0
1,06/12/2020 20:05:17,59,67,30,34,386,418,448,409
1,07/12/2020 04:22:02,209,52,104,95,148,226,234,241
1,07/12/2020 18:34:18,142,79,36,28,334,515,466,470
1,11/12/2020 15:10:35,39,40,26,22,273,375,490,458
1,12/12/2020 00:11:43,55,65,46,102,250,201,276,222
1,12/12/2020 15:43:31,44,126,33,32,209,323,373,424
1,09/12/2020 19:17:51,46,31,61,26,296,394,715,472
1,10/12/2020 13:29:49,57,58,27,25,350,396,342,372
1,10/12/2020 23:27:41,57,134,41,165,150,247,246,207
1,13/12/2020 20:28:22,22,27,0,36,214,301,0,134
1,14/12/2020 03:13:50,27,17,0,31,190,161,0,160
1,14/12/2020 11:03:26,24,18,0,37,239,230,0,229
1,12/12/2020 15:04:47,30,22,0,37,377,406,0,333
1,12/12/2020 21:54:20,24,22,0,30,218,206,0,172
1,13/12/2020 11:17:35,21,20,0,27,422,373,0,221
1,15/12/2020 18:49:59,18,19,0,53,175,204,0,139
1,16/12/2020 03:13:52,31,12,0,25,373,322,0,175
1,16/12/2020 09:35:13,22,22,0,56,227,224,0,191
1,14/12/2020 20:39:08,20,21,0,112,301,315,0,191
1,15/12/2020 03:12:17,23,22,0,32,205,221,0,172
1,15/12/2020 10:18:55,24,22,0,35,309,233,0,175
1,12/12/2020 08:03:03,25,0,0,35,183,0,0,180
1,08/12/2020 21:13:42,21,30,0,34,314,706,0,195
1,09/12/2020 10:39:01,24,28,0,64,269,426,0,178
1,09/12/2020 18:45:09,23,18,0,99,187,204,0,104
1,07/12/2020 22:39:37,27,22,0,63,158,191,0,299
1,08/12/2020 08:42:55,26,19,0,96,266,153,0,188
1,08/12/2020 12:29:57,19,18,0,43,141,350,0,207
1,11/12/2020 10:00:27,22,45,0,63,314,282,0,142
1,11/12/2020 16:55:57,23,84,0,63,175,303,0,293
1,11/12/2020 23:01:36,24,32,0,117,165,155,0,112
1,10/12/2020 10:19:33,26,22,0,27,413,377,0,253
1,10/12/2020 17:55:12,23,21,0,60,177,232,0,192
1,11/12/2020 00:41:17,24,38,0,56,239,290,0,380
1,13/12/2020 16:20:16,28,36,23,28,300,358,350,389
1,14/12/2020 01:04:43,26,27,41,39,156,138,236,179
1,14/12/2020 10:18:04,19,23,17,29,130,169,129,170
1,11/12/2020 21:29:12,25,26,23,29,162,195,161,193
1,12/12/2020 07:24:44,18,24,18,19,226,267,227,266
1,12/12/2020 22:19:39,25,20,17,18,240,314,259,350
1,16/12/2020 02:35:14,13,15,17,33,141,143,203,168
1,16/12/2020 09:40:43,25,23,21,24,127,138,128,162
1,06/12/2020 03:37:21,16,0,0,17,153,0,0,242
1,14/12/2020 22:07:11,16,20,21,16,225,253,171,259
1,15/12/2020 04:46:35,16,28,17,36,102,148,130,159
1,15/12/2020 16:34:55,15,16,20,25,164,167,207,233
1,11/12/2020 10:48:02,26,29,20,28,256,230,248,314
1,07/12/2020 19:52:10,13,20,17,22,147,176,170,214
1,08/12/2020 05:17:23,16,26,18,23,151,171,163,219
1,08/12/2020 11:54:09,14,30,16,32,146,149,134,153
1,06/12/2020 08:45:49,14,26,16,21,169,239,223,248
1,06/12/2020 22:15:46,22,19,15,20,261,316,238,277
1,07/12/2020 09:09:22,14,20,14,22,151,205,214,274
1,10/12/2020 04:21:19,19,19,22,28,165,191,175,224
1,10/12/2020 12:13:05,18,23,18,28,150,179,172,185
1,10/12/2020 23:02:04,28,18,12,19,199,176,186,261
1,08/12/2020 22:16:04,21,25,15,20,205,207,182,233
1,09/12/2020 10:59:18,15,32,17,22,215,325,227,311
1,09/12/2020 19:23:40,17,17,16,36,120,140,152,155
1,13/12/2020 17:23:15,12,72,0,14,208,83,0,237
1,13/12/2020 22:53:14,10,21,0,14,145,107,0,203
1,14/12/2020 06:46:07,12,18,0,75,134,52,0,174
1,12/12/2020 10:25:56,11,20,0,14,195,72,0,262
1,12/12/2020 19:50:57,11,42,0,65,144,69,0,279
1,13/12/2020 07:04:59,13,20,0,10,203,49,0,261
1,16/12/2020 00:22:30,12,172,0,66,217,75,0,213
1,16/12/2020 10:33:56,11,143,0,24,209,71,0,333
1,06/12/2020 01:52:17,155,129,136,44,149,238,211,257
1,14/12/2020 21:48:51,10,17,0,12,266,88,0,298
1,15/12/2020 08:48:31,11,140,0,18,202,101,0,360
1,15/12/2020 16:28:17,17,88,0,60,158,62,0,135
1,11/12/2020 23:14:38,12,21,0,13,191,86,0,291
1,07/12/2020 21:23:31,20,114,0,20,174,129,0,205
1,08/12/2020 04:47:08,22,0,0,21,191,0,0,206
1,08/12/2020 14:08:24,14,24,0,12,212,76,0,303
1,06/12/2020 11:51:10,9,17,0,15,164,102,0,198
1,06/12/2020 23:37:26,10,52,0,13,189,88,0,325
1,07/12/2020 13:44:33,13,144,0,40,235,68,0,301
1,10/12/2020 11:18:32,10,163,0,14,249,120,0,369
1,10/12/2020 23:48:56,10,29,0,13,247,114,0,310
1,11/12/2020 11:26:55,12,31,0,13,219,66,0,238
1,09/12/2020 00:13:38,9,13,0,136,204,105,0,137
1,09/12/2020 09:09:36,10,82,0,15,184,98,0,214
1,09/12/2020 20:26:48,13,98,0,15,207,48,0,274
1,16/12/2020 15:48:23,22,20,0,50,209,226,0,210
1,15/12/2020 08:55:58,0,22,30,19,0,286,198,270
1,15/12/2020 17:10:16,0,0,12,16,0,0,146,140
1,15/12/2020 23:38:20,0,64,28,19,0,97,99,227
1,14/12/2020 10:37:14,0,132,34,33,0,106,199,416
1,14/12/2020 16:23:07,0,17,12,17,0,214,160,191
1,15/12/2020 00:09:00,0,0,0,41,0,0,0,0
1,06/12/2020 22:38:06,31,36,29,14,501,491,338,510
1,07/12/2020 09:47:01,31,17,23,26,486,344,248,435
1,07/12/2020 20:02:52,22,32,22,28,271,345,162,452
1,16/12/2020 09:29:05,0,17,12,15,0,219,174,204
1,06/12/2020 01:37:24,35,21,32,19,245,201,177,236
1,06/12/2020 10:00:27,27,27,25,20,331,326,162,352
1,14/12/2020 02:37:40,0,33,24,45,0,166,122,145
1,11/12/2020 01:07:51,0,17,0,18,0,0,0,0
1,11/12/2020 09:15:07,0,18,16,17,0,211,196,285
1,11/12/2020 17:57:50,0,22,13,84,0,207,160,248
1,10/12/2020 02:43:56,0,17,14,14,0,189,186,198
1,10/12/2020 11:59:05,0,19,14,14,0,203,171,221
1,10/12/2020 18:20:42,0,19,16,17,0,122,138,155
1,12/12/2020 23:20:52,0,17,14,14,0,137,150,169
1,13/12/2020 10:54:47,0,23,14,28,0,277,215,274
1,13/12/2020 19:54:13,0,19,11,14,0,140,125,190
1,12/12/2020 02:12:10,0,20,0,25,0,0,0,0
1,12/12/2020 09:03:05,0,22,14,21,0,205,169,320
1,12/12/2020 16:02:45,0,21,12,17,0,162,148,176
1,12/12/2020 08:32:32,36,33,37,36,416,389,203,486
1,12/12/2020 14:24:03,38,22,20,19,232,160,112,213
1,12/12/2020 22:03:39,35,20,23,20,300,241,144,296
1,11/12/2020 08:36:07,24,23,34,19,230,203,149,233
1,11/12/2020 14:41:27,21,21,23,17,204,199,116,251
1,11/12/2020 22:23:14,34,20,30,19,284,231,189,263
1,14/12/2020 08:44:29,33,22,22,19,278,253,129,340
1,14/12/2020 14:45:06,30,23,25,15,146,125,101,153
1,14/12/2020 19:11:42,30,24,29,17,140,151,154,197
1,13/12/2020 08:59:41,21,35,26,17,345,386,192,410
1,13/12/2020 18:28:54,28,22,26,16,365,233,146,302
1,14/12/2020 00:34:10,30,17,29,18,194,154,119,181
1,11/12/2020 03:20:44,28,19,32,19,236,164,145,261
1,08/12/2020 20:50:45,27,24,26,19,224,183,129,203
1,09/12/2020 01:52:24,33,25,35,17,206,198,136,215
1,09/12/2020 09:24:00,0,18,36,21,0,0,165,0
1,08/12/2020 02:52:21,33,25,22,18,214,191,121,224
1,08/12/2020 09:28:27,25,20,24,18,221,190,157,292
1,08/12/2020 15:22:00,36,17,23,15,201,178,113,243
1,10/12/2020 09:51:46,28,23,24,20,262,245,124,310
1,10/12/2020 14:58:10,25,22,26,16,174,161,101,214
1,10/12/2020 21:49:53,34,22,27,15,290,252,132,323
1,09/12/2020 15:03:18,23,24,23,15,431,184,103,283
1,09/12/2020 20:56:59,23,21,24,16,218,191,98,215
1,10/12/2020 02:09:12,35,26,42,21,192,161,161,200
1,10/12/2020 21:25:19,22,59,23,62,151,123,124,129
1,11/12/2020 04:09:31,21,89,23,43,169,79,150,155
1,11/12/2020 12:39:23,22,36,31,37,146,186,153,190
1,10/12/2020 02:50:24,20,64,19,41,187,106,160,182
1,10/12/2020 10:49:07,17,63,23,36,146,148,171,181
1,10/12/2020 16:14:25,28,28,21,57,118,97,122,146
1,12/12/2020 13:42:05,36,51,26,192,280,108,161,246
1,12/12/2020 20:54:10,25,58,24,257,140,194,207,138
1,13/12/2020 04:00:43,16,0,22,21,148,0,137,152
1,11/12/2020 16:10:11,46,65,27,45,95,79,98,105
1,11/12/2020 22:14:26,20,27,20,24,164,114,161,157
1,12/12/2020 04:26:41,24,225,20,38,106,61,119,133
1,09/12/2020 21:02:43,24,0,31,0,78,0,79,0
1,07/12/2020 14:39:29,28,44,39,214,229,132,334,232
1,08/12/2020 00:58:56,28,30,24,33,251,215,187,140
1,08/12/2020 08:30:08,22,106,23,36,131,79,150,155
1,06/12/2020 08:22:07,22,104,19,23,168,124,172,177
1,06/12/2020 17:32:08,18,28,21,162,154,118,158,186
1,07/12/2020 03:07:01,25,59,26,26,213,191,189,146
1,09/12/2020 06:24:02,23,93,34,0,152,164,220,0
1,09/12/2020 11:12:05,37,43,31,0,160,159,168,0
1,09/12/2020 16:40:28,19,30,23,19,132,117,102,157
1,08/12/2020 11:29:38,45,28,31,39,88,70,90,86
1,08/12/2020 17:04:52,19,37,20,27,152,108,140,115
1,08/12/2020 23:33:45,23,53,26,38,122,119,148,177
1,06/12/2020 17:11:47,0,20,14,15,0,172,157,168
1,06/12/2020 23:50:28,0,19,14,17,0,116,133,182
1,07/12/2020 14:29:41,0,86,16,33,0,314,236,391
1,16/12/2020 15:42:06,36,208,30,204,177,73,123,177
1,06/12/2020 02:25:42,0,29,17,27,0,97,108,151
1,06/12/2020 10:17:35,0,17,12,17,0,204,191,211
1,09/12/2020 00:19:19,0,45,15,31,0,154,139,162
1,09/12/2020 10:09:13,0,24,15,23,0,276,183,246
1,09/12/2020 16:48:35,0,10,12,24,0,141,140,171
1,07/12/2020 21:28:09,0,17,16,19,0,115,118,121
1,08/12/2020 09:37:56,0,153,13,68,0,240,196,179
1,08/12/2020 17:22:37,0,14,13,12,0,154,158,255
1,16/12/2020 11:53:50,26,36,28,50,141,89,164,331
1,14/12/2020 06:52:59,19,45,20,49,174,177,149,190
1,14/12/2020 14:39:30,27,33,24,31,151,125,152,181
1,14/12/2020 17:40:42,23,33,19,50,91,149,88,138
1,13/12/2020 11:49:37,29,39,26,34,211,253,177,173
1,13/12/2020 19:48:29,22,22,24,31,134,95,167,134
1,13/12/2020 23:34:22,0,0,24,0,0,0,81,0
1,15/12/2020 16:22:58,20,37,21,174,74,76,79,85
1,15/12/2020 20:35:08,21,48,23,48,143,125,148,81
1,16/12/2020 04:35:09,20,30,29,21,138,112,176,153
1,15/12/2020 01:32:01,24,139,26,0,160,71,146,0
1,15/12/2020 07:21:13,21,26,21,22,90,151,114,151
1,15/12/2020 12:22:35,24,127,31,30,137,72,228,212
1,09/12/2020 02:31:33,19,21,18,22,171,211,127,211
1,13/12/2020 09:09:55,21,151,18,14,201,256,173,222
1,13/12/2020 16:33:58,26,109,21,33,153,212,110,177
1,14/12/2020 00:07:09,24,19,21,81,174,186,112,110
1,12/12/2020 05:17:52,26,75,17,19,149,122,104,149
1,12/12/2020 12:40:38,22,0,19,18,161,0,95,143
1,12/12/2020 22:58:09,23,77,18,15,0,0,151,194
1,15/12/2020 09:13:35,22,18,23,13,276,224,234,303
1,15/12/2020 16:40:13,22,12,23,18,134,99,113,150
1,15/12/2020 22:58:32,29,95,25,111,143,220,91,103
1,14/12/2020 07:18:21,26,32,17,25,87,301,129,135
1,14/12/2020 14:26:33,0,31,20,69,0,0,0,0
1,14/12/2020 22:57:50,27,0,26,15,0,0,0,0
1,11/12/2020 21:52:06,21,19,16,17,177,220,125,235
1,08/12/2020 16:58:28,20,78,19,16,162,166,106,297
1,09/12/2020 01:35:24,28,166,19,75,289,153,134,179
1,09/12/2020 09:54:35,31,18,22,124,143,114,146,215
1,07/12/2020 16:41:13,25,151,88,11,0,0,77,159
1,08/12/2020 01:28:05,25,142,20,16,167,245,114,136
1,08/12/2020 09:53:15,26,101,21,12,0,154,164,194
1,10/12/2020 19:42:33,20,17,19,37,180,240,164,114
1,11/12/2020 02:59:50,20,89,24,21,154,99,124,173
1,11/12/2020 11:10:49,27,115,20,17,102,152,248,271
1,09/12/2020 18:00:54,20,22,21,19,191,165,124,131
1,10/12/2020 02:02:49,25,38,21,18,166,167,116,160
1,10/12/2020 10:37:23,23,163,22,217,189,141,111,219
1,12/12/2020 07:03:10,24,39,23,39,302,88,264,240
1,12/12/2020 14:37:59,22,17,31,20,235,109,246,258
1,13/12/2020 01:15:11,27,21,21,17,379,124,300,287
1,11/12/2020 07:49:39,19,23,25,21,399,115,347,372
1,11/12/2020 14:06:14,34,18,46,39,213,150,217,159
1,11/12/2020 22:30:41,23,22,26,28,270,103,271,265
1,14/12/2020 17:48:03,24,50,22,21,271,92,251,299
1,15/12/2020 01:04:38,24,28,29,19,242,121,251,228
1,15/12/2020 08:40:05,20,21,24,19,272,118,252,252
1,13/12/2020 12:14:30,21,23,22,21,307,106,308,301
1,13/12/2020 23:07:26,21,21,18,16,321,116,295,252
1,14/12/2020 09:23:16,20,22,23,19,320,103,288,253
1,10/12/2020 18:56:22,21,20,19,17,333,124,298,304
1,06/12/2020 22:46:53,22,22,21,21,346,141,298,258
1,07/12/2020 08:40:37,24,24,26,20,308,101,218,281
1,07/12/2020 17:36:59,21,22,21,17,273,106,263,252
1,16/12/2020 07:03:19,17,22,24,16,113,192,145,176
1,16/12/2020 14:15:07,21,27,18,25,156,210,85,123
1,06/12/2020 08:55:19,24,23,19,21,402,112,265,289
1,09/12/2020 05:37:39,23,24,23,20,248,96,231,246
1,09/12/2020 14:34:56,24,42,21,18,293,119,225,250
1,10/12/2020 07:38:03,24,23,22,20,442,106,354,338
1,08/12/2020 06:02:49,23,24,19,22,343,116,239,263
1,08/12/2020 13:37:08,28,22,38,41,239,131,259,238
1,08/12/2020 21:28:35,32,22,33,34,271,100,262,203
1,16/12/2020 10:09:50,42,58,32,37,182,178,146,205
1,06/12/2020 03:22:59,23,26,26,21,223,222,301,248
1,06/12/2020 14:29:26,23,29,22,21,352,315,371,321
1,15/12/2020 13:51:45,65,32,33,34,154,145,140,191
1,15/12/2020 22:25:30,57,50,31,34,158,300,285,253
1,16/12/2020 03:50:44,108,81,50,32,121,137,126,150
1,07/12/2020 23:17:19,21,157,73,45,232,194,223,229
1,08/12/2020 05:24:34,25,99,41,39,215,209,219,206
1,08/12/2020 15:49:40,26,25,24,19,369,302,387,307
1,06/12/2020 21:17:08,22,97,58,66,236,177,236,202
1,07/12/2020 03:38:42,24,47,45,24,221,255,218,204
1,07/12/2020 17:02:29,24,39,24,31,357,419,443,387
1,15/12/2020 07:53:45,62,42,26,29,139,184,134,178
1,11/12/2020 20:56:17,128,41,36,107,136,201,143,172
1,12/12/2020 01:48:22,50,124,34,31,202,155,140,232
1,12/12/2020 14:46:57,43,42,26,38,327,332,289,355
1,10/12/2020 16:47:23,40,38,29,36,397,391,293,414
1,10/12/2020 22:53:56,65,39,39,33,131,162,146,170
1,11/12/2020 13:09:45,45,45,32,40,440,422,349,525
1,14/12/2020 00:43:01,49,30,34,30,300,302,343,348
1,14/12/2020 12:24:55,113,57,38,35,369,426,287,314
1,15/12/2020 00:35:25,54,38,31,38,315,240,324,363
1,12/12/2020 23:44:32,40,70,0,43,0,0,0,0
1,13/12/2020 04:33:53,39,50,29,28,287,273,193,377
1,13/12/2020 12:48:42,41,34,26,202,154,152,158,310
1,14/12/2020 16:00:49,24,35,23,20,264,255,381,287
1,14/12/2020 23:19:05,23,33,55,41,296,329,260,345
1,15/12/2020 10:28:49,22,37,22,31,320,353,354,453
1,13/12/2020 12:06:27,20,21,25,22,277,252,360,318
1,13/12/2020 21:28:27,20,36,21,23,295,181,298,306
1,14/12/2020 04:52:06,20,70,79,22,165,123,152,172
1,06/12/2020 17:23:32,20,15,18,15,193,210,111,165
1,07/12/2020 00:39:37,20,14,21,17,141,121,101,203
1,07/12/2020 09:16:30,22,19,20,19,149,196,128,127
1,15/12/2020 21:46:39,24,33,45,47,331,321,272,316
1,16/12/2020 09:56:04,24,36,21,20,379,362,421,367
1,06/12/2020 09:30:25,26,134,19,16,0,0,157,230
1,13/12/2020 01:44:42,20,49,33,26,218,229,279,250
1,10/12/2020 02:59:41,26,130,48,33,310,227,246,331
1,10/12/2020 15:04:08,0,21,22,26,0,0,0,0
1,10/12/2020 19:05:45,21,31,20,18,278,367,401,250
1,08/12/2020 23:20:50,25,125,70,31,247,201,286,256
1,09/12/2020 06:53:38,34,22,34,20,253,223,259,252
1,09/12/2020 17:28:10,22,46,29,22,393,518,490,349
1,11/12/2020 23:46:20,23,22,35,27,244,176,214,185
1,12/12/2020 09:18:45,19,26,21,21,279,277,347,313
1,12/12/2020 18:17:01,88,20,40,20,323,205,245,235
1,11/12/2020 01:36:22,25,18,20,19,305,228,300,216
1,11/12/2020 10:23:08,26,38,53,22,286,196,260,257
1,11/12/2020 17:23:28,20,54,51,36,234,210,247,278
1,15/12/2020 16:06:10,23,23,30,68,241,113,236,170
1,16/12/2020 13:44:30,40,23,66,19,330,237,309,254
1,06/12/2020 05:53:04,20,19,22,23,237,268,320,206
1,06/12/2020 15:37:45,18,35,19,30,200,168,214,170
1,15/12/2020 12:30:17,45,75,79,56,250,200,189,187
1,15/12/2020 20:51:47,38,23,63,22,228,211,208,257
1,16/12/2020 05:01:22,35,30,68,35,359,344,311,249
1,07/12/2020 23:08:31,20,75,24,51,158,113,216,386
1,08/12/2020 12:21:58,23,18,21,19,253,289,288,274
1,08/12/2020 19:54:17,20,40,24,83,191,185,181,116
1,06/12/2020 22:53:57,21,38,32,39,175,151,226,191
1,07/12/2020 08:24:32,27,33,29,69,285,336,271,432
1,07/12/2020 16:07:10,18,86,30,0,158,119,0,0
1,15/12/2020 05:56:54,32,38,28,26,258,278,300,279
1,13/12/2020 12:56:22,0,86,60,108,0,0,0,0
1,13/12/2020 18:11:17,40,20,57,21,186,196,189,234
1,14/12/2020 04:36:23,41,28,64,25,141,129,131,137
1,12/12/2020 12:33:51,36,34,113,41,383,285,229,265
1,12/12/2020 19:36:58,35,24,64,22,255,223,220,240
1,13/12/2020 05:33:52,28,22,39,20,316,296,458,309
1,14/12/2020 13:20:02,35,40,66,23,127,118,118,124
1,14/12/2020 15:37:36,125,111,120,21,159,111,255,400
1,14/12/2020 20:57:08,34,21,108,32,340,458,192,214
1,14/12/2020 06:39:23,60,210,0,93,159,83,0,130
1,14/12/2020 07:33:04,0,53,0,49,0,123,0,130
1,14/12/2020 08:30:22,54,91,110,76,138,164,138,141
1,14/12/2020 14:33:34,19,33,21,53,138,215,215,124
1,14/12/2020 19:17:53,22,14,20,22,174,206,184,191
1,15/12/2020 02:14:52,19,51,21,99,145,157,185,119
1,13/12/2020 08:47:31,21,31,23,49,235,263,270,208
1,13/12/2020 18:19:42,19,76,39,187,158,104,269,160
1,14/12/2020 05:00:33,19,22,16,30,160,233,332,172
1,16/12/2020 15:00:25,72,51,25,117,124,190,164,131
1,06/12/2020 00:32:08,16,32,22,32,128,269,150,212
1,06/12/2020 09:23:53,17,31,23,37,161,227,163,240
1,15/12/2020 12:37:12,18,33,19,23,219,149,215,217
1,15/12/2020 20:22:57,19,22,24,157,139,204,205,97
1,16/12/2020 08:02:43,26,87,24,28,307,103,252,230
1,12/12/2020 23:05:34,22,17,24,50,197,187,234,185
1,10/12/2020 08:28:32,18,20,18,24,209,192,170,189
1,10/12/2020 16:08:45,19,28,25,50,171,175,233,165
1,11/12/2020 00:30:10,21,35,24,59,199,205,231,212
1,09/12/2020 03:20:51,17,26,24,84,137,165,150,113
1,09/12/2020 14:08:24,22,40,21,24,295,343,263,277
1,09/12/2020 23:49:50,24,48,22,83,160,117,210,109
1,11/12/2020 23:56:28,109,19,92,76,318,276,203,196
1,12/12/2020 07:45:28,19,33,17,60,210,158,272,378
1,12/12/2020 15:33:33,21,35,22,36,198,133,210,188
1,11/12/2020 08:03:08,19,37,21,60,176,131,249,231
1,11/12/2020 15:21:29,0,0,0,0,0,0,0,0
1,11/12/2020 16:05:08,18,29,58,56,99,269,295,262
1,11/12/2020 08:48:33,18,17,18,25,114,152,143,184
1,11/12/2020 17:06:54,18,14,18,16,106,120,126,124
1,12/12/2020 00:38:43,18,18,16,16,85,110,110,136
1,10/12/2020 09:16:10,19,21,19,26,105,130,151,154
1,10/12/2020 16:31:19,18,24,18,30,88,139,115,145
1,11/12/2020 00:09:30,20,19,18,23,105,146,129,164
1,13/12/2020 12:20:37,16,18,17,17,124,169,160,188
1,13/12/2020 21:56:59,19,17,15,17,109,150,139,166
1,14/12/2020 05:09:33,17,75,32,79,80,89,108,83
1,12/12/2020 10:52:21,19,17,15,17,141,190,140,173
1,12/12/2020 17:57:45,16,20,18,23,85,117,127,129
1,13/12/2020 02:04:00,18,17,15,19,107,144,134,148
1,10/12/2020 01:21:55,18,18,20,16,92,161,135,193
1,06/12/2020 15:19:28,19,13,15,18,160,186,195,324
1,07/12/2020 00:24:54,21,19,18,21,123,148,150,166
1,07/12/2020 13:52:16,20,18,19,23,147,197,186,260
1,16/12/2020 02:00:18,25,25,24,22,317,133,275,254
1,16/12/2020 10:03:24,21,21,21,17,290,103,267,223
1,06/12/2020 01:43:31,22,17,16,18,124,149,149,187
1,08/12/2020 23:12:29,16,17,18,20,87,127,134,131
1,09/12/2020 07:17:23,16,16,15,15,86,121,128,149
1,09/12/2020 15:53:02,19,16,18,24,96,125,122,147
1,07/12/2020 21:33:36,19,14,17,22,85,102,109,142
1,08/12/2020 06:58:48,16,17,15,18,98,152,138,160
1,08/12/2020 15:35:55,15,15,14,17,105,130,130,137
1,09/12/2020 12:06:17,35,26,64,24,241,202,216,206
1,09/12/2020 19:46:13,36,23,62,21,259,269,226,212
1,10/12/2020 02:24:34,34,34,110,28,216,271,189,217
1,08/12/2020 13:45:44,26,75,43,26,344,241,219,335
1,08/12/2020 21:21:35,33,38,77,36,273,296,241,229
1,09/12/2020 05:15:47,59,107,42,48,245,247,250,279
1,11/12/2020 13:44:45,31,25,44,21,255,229,238,253
1,11/12/2020 20:33:57,10,75,41,30,257,199,237,284
1,12/12/2020 04:42:03,50,26,42,25,251,237,253,280
1,10/12/2020 13:02:40,36,24,55,23,358,355,355,354
1,10/12/2020 19:33:04,37,27,41,27,234,190,225,246
1,11/12/2020 05:21:52,44,25,72,22,389,348,274,319
1,08/12/2020 05:10:59,51,42,42,30,344,354,315,315
1,15/12/2020 21:03:19,20,14,15,15,131,158,161,155
1,16/12/2020 06:56:25,14,13,15,13,90,128,124,156
1,16/12/2020 13:54:07,14,19,17,19,82,120,113,112
1,14/12/2020 13:33:04,18,34,18,34,98,126,118,121
1,14/12/2020 21:40:40,17,16,15,18,120,152,161,143
1,15/12/2020 09:19:45,25,27,19,15,153,182,165,187
1,07/12/2020 06:07:23,32,34,69,31,250,258,218,247
1,07/12/2020 12:48:28,37,41,44,32,223,159,208,227
1,07/12/2020 20:36:46,31,25,54,26,228,203,200,214
1,06/12/2020 06:22:09,44,44,46,67,272,358,203,337
1,06/12/2020 14:51:19,28,19,43,20,248,277,236,283
1,06/12/2020 23:07:55,32,28,49,27,281,303,277,295
1,10/12/2020 02:16:57,39,35,40,37,185,210,278,286
1,13/12/2020 03:07:58,98,118,70,85,152,337,169,231
1,13/12/2020 10:24:40,27,72,67,40,248,418,228,320
1,13/12/2020 17:09:06,118,164,45,258,199,298,178,281
1,12/12/2020 09:34:29,66,66,73,48,194,224,171,240
1,12/12/2020 15:27:16,62,46,69,70,217,382,223,288
1,12/12/2020 21:47:46,38,87,46,40,294,243,221,292
1,14/12/2020 15:51:43,53,89,70,101,186,199,168,215
1,14/12/2020 21:34:00,66,60,51,47,161,271,171,279
1,15/12/2020 04:09:14,53,44,64,61,201,351,161,332
1,14/12/2020 00:18:02,58,131,33,33,192,391,223,285
1,14/12/2020 05:51:32,0,76,62,70,0,0,0,0
1,14/12/2020 10:27:15,30,42,25,35,214,411,236,319
1,12/12/2020 03:56:28,118,81,65,63,198,268,195,283
1,09/12/2020 23:43:19,34,54,66,44,221,257,119,185
1,10/12/2020 05:01:42,66,68,73,47,267,231,198,243
1,10/12/2020 10:56:57,91,75,75,63,132,250,153,260
1,09/12/2020 08:21:30,34,71,28,33,222,339,369,358
1,09/12/2020 13:36:37,115,58,116,116,136,307,196,241
1,09/12/2020 18:56:07,0,140,77,62,0,0,0,0
1,11/12/2020 09:45:59,62,67,64,52,185,238,189,252
1,11/12/2020 17:14:30,46,55,53,56,249,286,225,282
1,11/12/2020 22:37:53,60,56,76,64,157,275,207,265
1,10/12/2020 17:05:42,38,55,53,54,214,305,221,283
1,10/12/2020 22:31:43,63,74,80,78,167,250,157,243
1,11/12/2020 03:57:21,52,92,60,54,204,247,228,282
1,11/12/2020 14:25:35,39,24,0,49,129,198,0,72
1,11/12/2020 22:52:13,31,26,0,9,95,164,0,94
1,12/12/2020 14:31:19,25,29,0,38,146,280,0,122
1,10/12/2020 02:38:04,23,14,0,37,128,220,0,97
1,10/12/2020 12:34:50,24,29,0,34,99,216,0,71
1,11/12/2020 01:28:25,20,32,0,12,126,264,0,100
1,14/12/2020 08:36:01,56,46,0,58,84,163,0,131
1,14/12/2020 19:23:53,22,17,0,15,132,207,0,95
1,15/12/2020 04:16:27,46,43,0,54,139,163,0,86
1,13/12/2020 00:33:23,49,36,0,42,98,219,0,102
1,13/12/2020 11:56:21,36,25,0,84,103,225,0,149
1,14/12/2020 00:50:06,29,31,0,57,108,262,0,121
1,09/12/2020 13:51:57,0,46,0,15,0,0,0,147
1,16/12/2020 06:48:30,204,46,42,29,155,285,229,317
1,16/12/2020 13:26:57,49,137,69,51,210,227,241,311
1,06/12/2020 01:24:21,22,22,0,15,74,220,0,218
1,15/12/2020 10:04:48,248,114,30,52,151,165,183,191
1,15/12/2020 17:29:58,54,61,51,56,185,423,198,252
1,15/12/2020 23:07:19,46,145,59,58,181,157,166,224
1,08/12/2020 08:35:48,21,37,0,26,132,163,0,72
1,08/12/2020 18:45:50,41,32,0,44,108,237,0,72
1,09/12/2020 05:52:05,23,47,0,94,132,206,0,153
1,06/12/2020 18:19:54,19,25,0,80,131,276,0,130
1,07/12/2020 14:19:35,36,23,0,57,159,275,0,87
1,08/12/2020 00:36:03,43,36,0,37,76,206,0,121
1,06/12/2020 11:38:08,16,31,33,30,135,159,185,269
1,06/12/2020 23:57:01,19,24,32,42,154,212,170,135
1,07/12/2020 07:38:02,20,40,28,40,124,155,135,217
1,16/12/2020 06:31:39,16,16,18,21,151,123,105,168
1,16/12/2020 11:08:07,20,18,18,23,71,127,51,113
1,06/12/2020 03:02:59,0,74,214,107,0,99,88,241
1,09/12/2020 12:27:26,19,88,25,37,188,177,222,239
1,10/12/2020 01:02:56,27,85,33,31,175,227,191,239
1,10/12/2020 11:10:01,21,58,27,24,181,107,173,226
1,07/12/2020 19:18:41,66,42,38,55,171,188,167,258
1,08/12/2020 09:20:14,20,41,27,40,202,229,237,199
1,09/12/2020 00:47:07,21,24,29,31,239,281,259,259
1,15/12/2020 13:45:33,17,17,17,17,105,148,107,194
1,10/12/2020 16:57:27,17,17,16,19,98,86,73,84
1,11/12/2020 01:41:14,23,16,15,18,111,82,73,126
1,11/12/2020 15:50:09,18,15,16,18,139,156,120,150
1,09/12/2020 09:17:27,20,18,71,20,86,124,73,112
1,10/12/2020 00:26:11,19,17,18,17,154,125,106,144
1,10/12/2020 08:40:21,14,17,18,18,90,85,78,116
1,14/12/2020 00:56:52,17,20,18,23,174,242,127,222
1,14/12/2020 06:25:57,18,20,18,27,68,114,57,102
1,15/12/2020 01:11:10,21,19,19,17,158,229,111,168
1,12/12/2020 06:35:52,17,16,19,18,149,141,115,151
1,12/12/2020 17:52:10,20,19,21,21,111,107,92,120
1,13/12/2020 06:58:22,17,18,18,21,136,164,113,170
1,07/12/2020 01:50:24,58,81,52,40,208,275,212,322
1,07/12/2020 08:32:51,37,49,34,41,247,333,282,348
1,07/12/2020 15:50:19,34,53,0,34,227,0,0,239
1,06/12/2020 07:54:23,36,26,246,32,246,302,237,355
1,06/12/2020 14:09:28,71,92,66,56,202,255,216,297
1,06/12/2020 19:44:46,53,58,60,58,172,396,173,254
1,08/12/2020 13:53:14,56,58,75,65,181,289,205,279
1,08/12/2020 21:42:06,37,52,46,36,285,391,318,342
1,09/12/2020 03:27:22,48,93,0,76,188,0,0,0
1,07/12/2020 20:59:12,52,76,24,41,167,224,375,225
1,08/12/2020 02:26:02,69,62,108,99,111,503,133,185
1,08/12/2020 08:24:39,40,125,65,51,161,261,196,332
1,06/12/2020 02:02:11,55,76,72,131,184,180,144,353
1,12/12/2020 10:32:44,24,22,31,29,200,216,191,179
1,13/12/2020 02:27:10,29,22,28,31,266,229,235,222
1,13/12/2020 14:34:07,29,84,26,53,187,169,159,293
1,11/12/2020 00:03:59,19,21,23,35,218,212,223,198
1,11/12/2020 11:44:25,19,26,27,32,206,183,180,156
1,11/12/2020 21:39:46,28,22,24,26,154,148,144,150
1,15/12/2020 15:27:57,41,45,35,52,141,179,238,272
1,16/12/2020 02:58:37,20,26,28,56,165,157,120,269
1,16/12/2020 11:43:57,28,38,37,61,126,138,124,247
1,14/12/2020 04:46:15,233,0,30,100,99,0,185,237
1,14/12/2020 11:47:46,112,29,27,187,152,97,95,184
1,15/12/2020 00:26:23,19,21,29,40,218,334,303,215
1,15/12/2020 18:17:50,24,14,0,15,165,236,0,96
1,08/12/2020 22:08:17,0,19,12,17,0,302,182,228
1,09/12/2020 04:43:54,0,36,15,33,0,201,159,166
1,09/12/2020 11:06:04,0,38,15,27,0,255,163,188
1,07/12/2020 13:20:42,0,37,10,17,0,235,191,210
1,07/12/2020 20:22:45,0,47,15,30,0,206,166,199
1,08/12/2020 12:14:10,0,11,9,10,0,302,203,341
1,10/12/2020 18:27:38,0,25,16,23,0,218,183,212
1,11/12/2020 03:07:41,0,17,13,17,0,302,194,255
1,11/12/2020 09:52:43,0,52,15,50,0,191,165,159
1,09/12/2020 17:34:04,0,26,13,18,0,217,144,180
1,10/12/2020 03:50:47,0,17,15,16,0,320,215,271
1,10/12/2020 11:03:33,0,51,15,40,0,226,156,172
1,07/12/2020 05:36:35,0,40,11,29,0,228,128,180
1,14/12/2020 17:28:05,17,64,24,48,69,142,171,162
1,15/12/2020 01:38:45,23,28,23,22,121,236,157,205
1,15/12/2020 13:58:05,98,0,25,18,125,0,201,210
1,13/12/2020 11:24:56,18,18,21,18,105,284,239,249
1,13/12/2020 20:02:05,152,63,22,17,144,217,99,137
1,14/12/2020 09:15:30,15,18,19,24,85,262,208,283
1,06/12/2020 09:37:21,0,21,10,14,0,230,187,213
1,06/12/2020 15:54:31,0,38,13,24,0,258,152,176
1,06/12/2020 23:29:15,0,10,13,16,0,236,165,232
1,16/12/2020 03:39:49,24,0,20,20,135,0,230,223
1,16/12/2020 12:55:08,15,68,19,84,63,242,141,140
1,06/12/2020 02:20:00,0,14,12,19,0,245,206,244
1,16/12/2020 02:29:06,0,30,13,17,0,194,177,179
1,16/12/2020 09:46:43,0,19,16,19,0,209,173,206
1,07/12/2020 04:56:08,45,42,42,32,265,657,512,708
1,15/12/2020 06:45:46,0,13,13,18,0,224,186,214
1,15/12/2020 12:53:26,0,58,13,17,0,208,161,190
1,15/12/2020 19:49:51,0,29,14,21,0,255,161,197
1,09/12/2020 01:13:10,68,147,38,44,258,189,246,290
1,09/12/2020 06:39:43,32,55,32,30,140,172,152,175
1,09/12/2020 16:34:47,32,50,36,40,139,331,250,334
1,08/12/2020 00:02:31,35,125,36,40,536,352,314,321
1,08/12/2020 04:56:22,0,49,0,34,0,0,0,0
1,08/12/2020 18:14:13,33,38,35,36,161,383,262,315
1,14/12/2020 22:48:20,0,41,12,78,0,241,180,199
1,12/12/2020 12:47:51,0,40,13,24,0,217,143,181
1,12/12/2020 19:00:49,0,42,15,28,0,217,160,184
1,13/12/2020 01:22:13,0,19,14,17,0,221,178,188
1,11/12/2020 17:01:58,0,23,18,19,0,227,183,199
1,11/12/2020 23:32:05,0,41,12,21,0,192,140,182
1,12/12/2020 06:13:46,0,32,12,21,0,215,141,172
1,14/12/2020 03:33:55,0,35,11,19,0,193,156,165
1,14/12/2020 09:39:17,0,31,11,28,0,200,138,155
1,14/12/2020 16:16:16,0,33,13,21,0,197,135,160
1,13/12/2020 07:37:15,0,36,14,21,0,241,175,195
1,13/12/2020 15:06:06,0,13,8,14,0,220,153,183
1,13/12/2020 21:20:35,0,73,13,40,0,158,158,151
1,11/12/2020 00:53:47,24,20,0,14,145,0,0,157
1,11/12/2020 08:29:18,22,15,16,15,116,172,74,160
1,11/12/2020 16:25:03,36,20,19,17,215,182,37,157
1,09/12/2020 20:50:06,19,16,18,17,120,181,70,142
1,10/12/2020 08:46:21,15,16,80,15,152,206,36,205
1,10/12/2020 16:52:59,18,15,18,17,125,178,78,162
1,12/12/2020 23:15:28,22,16,17,16,115,172,78,154
1,13/12/2020 07:55:25,67,19,15,16,84,211,76,181
1,13/12/2020 15:46:15,20,18,17,16,112,157,58,151
1,12/12/2020 00:23:55,33,16,19,15,143,170,88,137
1,12/12/2020 07:57:31,41,16,134,17,166,136,61,148
1,12/12/2020 15:49:07,20,18,0,16,164,173,0,156
1,09/12/2020 13:28:48,29,30,0,26,145,0,0,150
1,06/12/2020 10:47:27,37,16,0,16,90,155,0,127
1,06/12/2020 19:11:22,20,23,15,16,169,289,101,187
1,07/12/2020 02:59:51,24,18,22,17,105,180,41,174
1,16/12/2020 07:47:25,0,54,0,37,0,0,0,0
1,16/12/2020 15:13:50,46,21,0,54,88,234,0,89
1,06/12/2020 04:15:12,21,20,0,16,89,162,0,155
1,08/12/2020 12:06:20,21,15,0,17,157,0,0,165
1,08/12/2020 20:43:53,19,16,16,16,144,212,61,186
1,09/12/2020 04:37:55,28,14,70,18,123,175,82,170
1,07/12/2020 12:54:30,26,15,18,15,185,197,53,198
1,07/12/2020 20:41:58,37,17,20,16,127,153,69,145
1,08/12/2020 04:03:34,20,17,0,17,141,161,0,139
1,09/12/2020 15:31:25,18,51,17,28,97,566,184,259
1,10/12/2020 00:16:50,17,28,20,24,82,151,120,128
1,10/12/2020 11:26:14,30,38,26,31,122,269,222,288
1,08/12/2020 09:13:17,30,45,18,33,128,314,142,408
1,08/12/2020 18:04:41,17,71,32,79,119,198,176,199
1,09/12/2020 03:39:34,22,189,18,16,179,384,190,203
1,11/12/2020 23:38:38,19,55,42,38,86,173,120,182
1,12/12/2020 12:02:57,22,20,32,24,114,236,297,247
1,12/12/2020 21:01:49,21,61,68,38,99,223,148,227
1,10/12/2020 19:51:54,17,51,19,20,85,148,136,176
1,11/12/2020 10:15:52,0,0,0,0,0,0,0,0
1,11/12/2020 14:52:07,18,110,17,58,138,290,221,344
1,07/12/2020 23:23:17,18,10,17,21,80,201,111,148
1,15/12/2020 00:04:51,20,18,0,14,116,153,0,155
1,15/12/2020 08:33:17,0,24,81,15,0,0,0,0
1,15/12/2020 14:13:51,20,84,18,16,160,198,49,169
1,14/12/2020 00:01:15,37,20,123,16,179,201,56,145
1,14/12/2020 07:38:20,33,43,0,16,135,0,0,124
1,14/12/2020 16:38:31,19,15,16,18,137,228,115,205
1,06/12/2020 17:54:33,19,26,26,19,115,227,107,167
1,07/12/2020 01:59:25,22,78,20,40,114,283,148,232
1,07/12/2020 14:47:58,18,20,19,18,136,277,280,266
1,15/12/2020 22:29:58,0,51,18,15,0,0,72,0
1,16/12/2020 07:42:50,17,14,19,15,169,209,54,192
1,06/12/2020 09:16:27,14,42,20,38,83,540,214,577
