408. Number of milkings in the last 10 days 16/12/2020 16:05:21
06/12/2020,337,44.1,4,4,0,0
06/12/2020,487,21.3,2,0,2,0
06/12/2020,356,25.0,3,3,0,0
06/12/2020,402,23.6,2,1,1,0
06/12/2020,355,18.7,2,2,0,0
06/12/2020,83,15.4,2,0,2,0
06/12/2020,240,34.2,3,3,0,0
06/12/2020,557,12.3,1,0,1,0
06/12/2020,254,33.1,3,3,0,0
06/12/2020,358,19.1,3,3,0,0
06/12/2020,208,1.0,1,0,1,0
06/12/2020,493,23.4,3,2,1,0
06/12/2020,63,22.3,3,3,0,0
06/12/2020,169,49.4,3,3,0,0
06/12/2020,468,17.6,1,1,0,0
06/12/2020,447,31.5,3,3,0,0
06/12/2020,350,21.7,2,2,0,0
06/12/2020,166,26.7,4,3,1,0
06/12/2020,348,34.2,3,3,0,0
06/12/2020,443,21.1,2,2,0,0
06/12/2020,353,21.7,2,2,0,0
06/12/2020,177,13.5,2,1,1,0
06/12/2020,479,20.9,2,2,0,0
06/12/2020,504,18.3,3,2,1,0
06/12/2020,971,20.8,4,2,2,0
06/12/2020,312,17.9,3,1,2,0
06/12/2020,281,29.2,2,2,0,0
06/12/2020,519,30.3,3,3,0,0
06/12/2020,297,12.8,2,0,2,0
06/12/2020,383,20.3,2,1,1,0
06/12/2020,532,20.9,2,1,1,0
06/12/2020,531,12.6,4,0,4,0
06/12/2020,516,21.6,1,1,0,0
06/12/2020,311,10.3,2,2,0,0
06/12/2020,26,26.2,2,2,0,0
06/12/2020,535,17.5,2,1,1,0
06/12/2020,968,15.8,2,2,0,0
06/12/2020,259,21.0,1,0,1,0
06/12/2020,300,11.0,2,1,1,0
06/12/2020,278,25.6,3,2,1,0
06/12/2020,386,18.0,2,0,2,0
06/12/2020,370,19.9,3,3,0,0
06/12/2020,523,24.4,2,1,1,0
06/12/2020,307,30.6,4,4,0,0
06/12/2020,319,22.3,2,2,0,0
06/12/2020,53,20.3,3,3,0,0
06/12/2020,973,4.2,1,0,1,0
06/12/2020,56,13.9,2,0,2,0
06/12/2020,952,31.3,3,2,1,0
06/12/2020,524,21.1,3,1,2,0
06/12/2020,511,11.7,4,0,3,1
06/12/2020,584,14.9,2,1,0,1
06/12/2020,390,16.9,5,0,4,1
06/12/2020,497,16.1,5,1,2,2
06/12/2020,539,27.8,6,1,2,3
07/12/2020,177,12.8,2,2,0,0
07/12/2020,479,20.4,3,3,0,0
07/12/2020,516,19.2,2,2,0,0
07/12/2020,523,22.7,2,2,0,0
07/12/2020,166,22.1,2,1,1,0
07/12/2020,531,12.0,4,0,4,0
07/12/2020,347,10.7,1,1,0,0
07/12/2020,348,26.4,2,2,0,0
07/12/2020,519,27.6,3,3,0,0
07/12/2020,524,20.7,3,1,2,0
07/12/2020,169,43.4,2,2,0,0
07/12/2020,297,13.6,1,0,1,0
07/12/2020,307,29.9,4,4,0,0
07/12/2020,300,11.1,2,2,0,0
07/12/2020,468,18.4,3,0,3,0
07/12/2020,278,26.0,3,3,0,0
07/12/2020,584,16.5,2,0,2,0
07/12/2020,557,12.0,1,1,0,0
07/12/2020,259,20.9,3,3,0,0
07/12/2020,319,21.0,3,3,0,0
07/12/2020,497,21.1,3,2,1,0
07/12/2020,254,31.5,3,3,0,0
07/12/2020,493,22.3,3,3,0,0
07/12/2020,240,34.8,3,3,0,0
07/12/2020,532,15.8,2,1,1,0
07/12/2020,311,8.7,1,1,0,0
07/12/2020,539,26.8,3,3,0,0
07/12/2020,487,19.7,2,2,0,0
07/12/2020,504,15.0,1,1,0,0
07/12/2020,337,38.6,3,3,0,0
07/12/2020,312,17.3,3,3,0,0
07/12/2020,535,20.2,1,1,0,0
07/12/2020,281,28.6,4,3,1,0
07/12/2020,390,17.9,3,0,3,0
07/12/2020,63,23.0,3,3,0,0
07/12/2020,356,23.2,3,3,0,0
07/12/2020,358,18.9,3,2,1,0
07/12/2020,402,30.9,3,3,0,0
07/12/2020,355,18.0,3,3,0,0
07/12/2020,83,14.9,2,0,2,0
07/12/2020,971,21.9,3,3,0,0
07/12/2020,370,19.7,3,3,0,0
07/12/2020,968,15.7,2,2,0,0
07/12/2020,53,18.4,2,2,0,0
07/12/2020,386,17.1,3,0,3,0
07/12/2020,56,16.2,2,0,2,0
07/12/2020,952,29.1,3,2,1,0
07/12/2020,26,25.0,2,2,0,0
07/12/2020,383,17.5,3,3,0,0
07/12/2020,443,19.6,2,2,0,0
07/12/2020,353,25.1,2,2,0,0
07/12/2020,447,30.6,4,4,0,0
07/12/2020,350,18.7,3,2,1,0
07/12/2020,511,11.2,4,0,2,2
08/12/2020,539,29.2,3,3,0,0
08/12/2020,447,32.2,4,4,0,0
08/12/2020,383,19.8,2,2,0,0
08/12/2020,504,16.1,2,2,0,0
08/12/2020,53,20.4,2,1,1,0
08/12/2020,254,31.6,3,3,0,0
08/12/2020,497,21.9,3,2,1,0
08/12/2020,493,19.9,2,2,0,0
08/12/2020,557,11.8,1,0,1,0
08/12/2020,952,30.7,4,4,0,0
08/12/2020,278,27.9,4,4,0,0
08/12/2020,169,44.2,4,4,0,0
08/12/2020,386,17.6,4,0,4,0
08/12/2020,56,11.6,1,1,0,0
08/12/2020,319,20.1,2,2,0,0
08/12/2020,259,21.9,2,2,0,0
08/12/2020,297,12.5,1,0,1,0
08/12/2020,519,30.3,2,2,0,0
08/12/2020,348,36.2,3,3,0,0
08/12/2020,971,22.0,3,3,0,0
08/12/2020,307,27.4,4,4,0,0
08/12/2020,370,21.8,3,3,0,0
08/12/2020,523,24.7,2,2,0,0
08/12/2020,524,21.8,3,2,1,0
08/12/2020,300,14.2,1,1,0,0
08/12/2020,166,25.5,2,2,0,0
08/12/2020,26,27.3,3,3,0,0
08/12/2020,311,10.3,3,2,1,0
08/12/2020,968,16.0,2,2,0,0
08/12/2020,281,32.1,3,3,0,0
08/12/2020,312,18.7,3,3,0,0
08/12/2020,535,22.2,1,0,1,0
08/12/2020,350,21.4,3,3,0,0
08/12/2020,516,23.5,3,3,0,0
08/12/2020,532,23.8,2,2,0,0
08/12/2020,487,23.7,3,3,0,0
08/12/2020,468,19.4,3,1,2,0
08/12/2020,356,25.0,3,3,0,0
08/12/2020,402,28.3,2,2,0,0
08/12/2020,355,19.1,3,3,0,0
08/12/2020,177,12.2,2,2,0,0
08/12/2020,337,35.5,2,2,0,0
08/12/2020,584,17.1,1,1,0,0
08/12/2020,479,21.7,2,2,0,0
08/12/2020,390,19.6,3,1,2,0
08/12/2020,353,25.0,3,3,0,0
08/12/2020,443,20.9,3,3,0,0
08/12/2020,358,17.8,2,1,1,0
08/12/2020,63,23.2,3,2,1,0
08/12/2020,347,11.3,3,0,2,1
08/12/2020,83,15.3,5,0,4,1
08/12/2020,531,12.8,5,0,4,1
08/12/2020,240,36.4,5,4,0,1
08/12/2020,511,11.2,5,0,2,3
09/12/2020,353,24.5,2,2,0,0
09/12/2020,519,29.4,3,3,0,0
09/12/2020,307,27.3,5,3,2,0
09/12/2020,516,22.8,2,2,0,0
09/12/2020,402,29.4,3,3,0,0
09/12/2020,348,36.0,2,2,0,0
09/12/2020,479,19.2,2,2,0,0
09/12/2020,386,17.7,3,0,3,0
09/12/2020,443,20.6,3,3,0,0
09/12/2020,319,19.7,2,2,0,0
09/12/2020,383,18.7,2,2,0,0
09/12/2020,390,18.8,4,1,3,0
09/12/2020,358,18.2,3,2,1,0
09/12/2020,493,24.2,3,2,1,0
09/12/2020,347,12.9,3,0,3,0
09/12/2020,497,20.9,3,3,0,0
09/12/2020,355,18.9,2,2,0,0
09/12/2020,312,17.6,3,3,0,0
09/12/2020,337,40.7,3,3,0,0
09/12/2020,350,21.7,3,2,1,0
09/12/2020,311,10.1,2,2,0,0
09/12/2020,487,23.8,3,3,0,0
09/12/2020,356,23.5,3,3,0,0
09/12/2020,447,32.0,3,3,0,0
09/12/2020,504,15.8,2,2,0,0
09/12/2020,468,18.6,2,2,0,0
09/12/2020,169,41.7,4,3,1,0
09/12/2020,177,13.8,1,1,0,0
09/12/2020,166,25.1,3,3,0,0
09/12/2020,584,16.7,2,0,2,0
09/12/2020,557,13.7,1,0,1,0
09/12/2020,254,31.2,3,3,0,0
09/12/2020,240,36.2,3,3,0,0
09/12/2020,26,24.6,2,2,0,0
09/12/2020,53,19.3,3,3,0,0
09/12/2020,952,29.3,4,4,0,0
09/12/2020,971,21.5,3,3,0,0
09/12/2020,968,15.1,1,1,0,0
09/12/2020,63,17.6,2,0,2,0
09/12/2020,539,25.6,3,2,1,0
09/12/2020,535,23.0,2,2,0,0
09/12/2020,281,30.8,3,3,0,0
09/12/2020,259,22.3,2,2,0,0
09/12/2020,278,21.9,3,3,0,0
09/12/2020,524,21.8,3,3,0,0
09/12/2020,297,11.9,2,0,2,0
09/12/2020,523,24.3,2,2,0,0
09/12/2020,300,14.0,2,2,0,0
09/12/2020,532,20.7,3,3,0,0
09/12/2020,531,12.3,4,0,3,1
09/12/2020,56,15.4,3,0,2,1
09/12/2020,83,13.2,4,0,2,2
09/12/2020,511,10.5,4,0,2,2
09/12/2020,370,13.9,4,1,1,2
10/12/2020,355,20.0,3,3,0,0
10/12/2020,83,14.9,4,0,4,0
10/12/2020,356,24.4,3,3,0,0
10/12/2020,63,21.2,2,1,1,0
10/12/2020,516,24.6,2,2,0,0
10/12/2020,531,12.3,4,0,4,0
10/12/2020,390,19.0,3,1,2,0
10/12/2020,504,17.6,3,3,0,0
10/12/2020,443,21.9,3,3,0,0
10/12/2020,402,27.5,2,2,0,0
10/12/2020,311,11.3,2,2,0,0
10/12/2020,532,21.2,3,3,0,0
10/12/2020,353,24.9,2,2,0,0
10/12/2020,968,14.0,2,2,0,0
10/12/2020,307,29.1,4,4,0,0
10/12/2020,26,27.9,3,3,0,0
10/12/2020,254,32.3,4,4,0,0
10/12/2020,519,27.5,3,3,0,0
10/12/2020,523,24.7,3,3,0,0
10/12/2020,370,22.5,3,2,1,0
10/12/2020,493,22.7,2,2,0,0
10/12/2020,300,13.9,2,2,0,0
10/12/2020,971,18.9,4,0,4,0
10/12/2020,56,11.0,2,0,2,0
10/12/2020,358,19.7,2,2,0,0
10/12/2020,383,20.3,3,3,0,0
10/12/2020,297,13.8,3,0,3,0
10/12/2020,524,20.2,3,1,2,0
10/12/2020,53,18.7,2,2,0,0
10/12/2020,952,29.4,3,3,0,0
10/12/2020,557,16.5,2,0,2,0
10/12/2020,278,29.5,4,2,2,0
10/12/2020,479,23.3,4,4,0,0
10/12/2020,468,18.8,3,1,2,0
10/12/2020,177,13.3,2,2,0,0
10/12/2020,584,19.5,2,0,2,0
10/12/2020,259,22.5,2,2,0,0
10/12/2020,487,24.3,2,2,0,0
10/12/2020,319,18.7,3,1,2,0
10/12/2020,497,22.2,3,3,0,0
10/12/2020,337,39.6,3,3,0,0
10/12/2020,447,31.1,3,3,0,0
10/12/2020,347,13.5,3,0,3,0
10/12/2020,539,32.3,4,4,0,0
10/12/2020,312,17.0,2,2,0,0
10/12/2020,348,34.9,3,2,1,0
10/12/2020,281,30.5,3,3,0,0
10/12/2020,166,21.8,3,3,0,0
10/12/2020,169,45.2,4,4,0,0
10/12/2020,535,24.1,3,3,0,0
10/12/2020,350,20.4,3,3,0,0
10/12/2020,386,19.2,4,0,3,1
10/12/2020,511,11.2,4,0,3,1
10/12/2020,240,37.0,5,3,0,2
11/12/2020,497,21.6,3,3,0,0
11/12/2020,535,25.3,2,2,0,0
11/12/2020,447,33.7,4,4,0,0
11/12/2020,584,18.3,2,0,2,0
11/12/2020,504,16.4,2,2,0,0
11/12/2020,493,19.5,2,1,1,0
11/12/2020,971,20.1,3,3,0,0
11/12/2020,443,20.5,2,2,0,0
11/12/2020,968,14.8,2,1,1,0
11/12/2020,487,23.6,3,3,0,0
11/12/2020,519,29.1,2,2,0,0
11/12/2020,523,24.1,2,2,0,0
11/12/2020,370,22.0,3,3,0,0
11/12/2020,468,20.1,2,1,1,0
11/12/2020,539,28.2,3,3,0,0
11/12/2020,390,18.4,3,1,2,0
11/12/2020,524,22.9,3,3,0,0
11/12/2020,383,19.1,2,2,0,0
11/12/2020,952,28.4,4,4,0,0
11/12/2020,532,23.0,3,2,1,0
11/12/2020,516,23.4,2,2,0,0
11/12/2020,386,17.5,3,0,3,0
11/12/2020,402,28.2,3,3,0,0
11/12/2020,557,17.8,3,0,3,0
11/12/2020,479,21.2,2,2,0,0
11/12/2020,278,22.0,4,3,1,0
11/12/2020,312,17.7,3,3,0,0
11/12/2020,311,9.8,3,3,0,0
11/12/2020,337,39.8,4,4,0,0
11/12/2020,307,29.8,4,4,0,0
11/12/2020,56,14.9,1,0,1,0
11/12/2020,254,32.6,3,3,0,0
11/12/2020,355,19.6,3,3,0,0
11/12/2020,356,23.0,3,3,0,0
11/12/2020,63,20.4,4,3,1,0
11/12/2020,166,23.0,3,2,1,0
11/12/2020,177,13.5,2,2,0,0
11/12/2020,26,24.0,2,1,1,0
11/12/2020,353,25.9,3,3,0,0
11/12/2020,348,36.2,4,4,0,0
11/12/2020,83,15.2,4,0,4,0
11/12/2020,281,29.3,3,3,0,0
11/12/2020,259,22.6,3,3,0,0
11/12/2020,347,13.1,2,0,2,0
11/12/2020,53,18.8,2,2,0,0
11/12/2020,169,43.6,4,4,0,0
11/12/2020,297,13.8,2,0,2,0
11/12/2020,300,13.8,3,3,0,0
11/12/2020,350,19.8,3,3,0,0
11/12/2020,319,15.3,3,1,1,1
11/12/2020,531,12.7,4,0,3,1
11/12/2020,240,35.8,4,3,0,1
11/12/2020,358,19.7,5,3,1,1
11/12/2020,511,11.2,5,0,3,2
12/12/2020,337,41.3,3,3,0,0
12/12/2020,952,28.9,4,3,1,0
12/12/2020,539,30.5,4,4,0,0
12/12/2020,468,20.3,3,3,0,0
12/12/2020,53,19.5,2,2,0,0
12/12/2020,479,22.1,2,2,0,0
12/12/2020,297,13.1,2,0,2,0
12/12/2020,535,26.6,3,3,0,0
12/12/2020,524,22.3,3,2,1,0
12/12/2020,523,25.6,3,3,0,0
12/12/2020,519,29.9,3,3,0,0
12/12/2020,307,30.5,4,4,0,0
12/12/2020,300,13.6,1,1,0,0
12/12/2020,532,23.3,3,3,0,0
12/12/2020,281,33.0,3,3,0,0
12/12/2020,240,39.4,4,4,0,0
12/12/2020,83,14.1,3,0,3,0
12/12/2020,557,12.2,1,0,1,0
12/12/2020,497,22.2,4,4,0,0
12/12/2020,319,21.6,2,2,0,0
12/12/2020,493,25.9,2,2,0,0
12/12/2020,254,33.3,3,3,0,0
12/12/2020,516,24.5,2,2,0,0
12/12/2020,312,18.4,4,4,0,0
12/12/2020,63,24.5,3,2,1,0
12/12/2020,311,11.7,1,1,0,0
12/12/2020,584,19.6,3,1,2,0
12/12/2020,504,17.8,3,3,0,0
12/12/2020,443,20.4,2,2,0,0
12/12/2020,278,29.3,3,3,0,0
12/12/2020,166,28.7,4,3,1,0
12/12/2020,355,20.0,3,3,0,0
12/12/2020,169,42.8,3,3,0,0
12/12/2020,259,22.5,2,2,0,0
12/12/2020,402,29.2,3,3,0,0
12/12/2020,26,27.7,2,2,0,0
12/12/2020,353,25.6,2,2,0,0
12/12/2020,971,21.8,4,2,2,0
12/12/2020,348,38.1,2,2,0,0
12/12/2020,177,14.7,2,2,0,0
12/12/2020,358,19.6,3,3,0,0
12/12/2020,370,23.3,3,3,0,0
12/12/2020,386,19.5,4,0,4,0
12/12/2020,447,27.7,4,3,1,0
12/12/2020,383,17.9,2,2,0,0
12/12/2020,968,17.7,2,2,0,0
12/12/2020,350,15.8,3,1,2,0
12/12/2020,356,24.5,3,3,0,0
12/12/2020,390,19.8,3,1,2,0
12/12/2020,487,22.8,2,1,0,1
12/12/2020,347,14.4,3,0,2,1
12/12/2020,56,14.1,3,0,2,1
12/12/2020,531,13.3,5,0,3,2
12/12/2020,511,11.4,6,0,2,4
13/12/2020,516,22.5,3,3,0,0
13/12/2020,383,19.1,3,1,2,0
13/12/2020,240,37.7,3,3,0,0
13/12/2020,307,29.2,3,3,0,0
13/12/2020,386,17.0,3,0,3,0
13/12/2020,281,31.2,4,3,1,0
13/12/2020,358,18.0,2,2,0,0
13/12/2020,370,20.3,2,2,0,0
13/12/2020,532,21.9,2,2,0,0
13/12/2020,535,25.6,2,2,0,0
13/12/2020,523,23.6,2,2,0,0
13/12/2020,557,11.1,2,0,2,0
13/12/2020,971,20.3,4,4,0,0
13/12/2020,524,19.9,3,2,1,0
13/12/2020,297,13.2,1,0,1,0
13/12/2020,169,38.5,2,2,0,0
13/12/2020,519,27.8,4,4,0,0
13/12/2020,259,22.1,1,1,0,0
13/12/2020,300,10.5,2,2,0,0
13/12/2020,311,9.8,2,2,0,0
13/12/2020,337,39.5,4,4,0,0
13/12/2020,56,12.0,2,0,2,0
13/12/2020,443,20.1,4,3,1,0
13/12/2020,26,22.4,1,1,0,0
13/12/2020,487,21.8,3,3,0,0
13/12/2020,353,25.3,3,3,0,0
13/12/2020,539,27.8,4,4,0,0
13/12/2020,278,25.8,4,4,0,0
13/12/2020,53,18.4,3,2,1,0
13/12/2020,952,26.3,3,3,0,0
13/12/2020,347,14.0,2,0,2,0
13/12/2020,348,33.8,3,3,0,0
13/12/2020,479,19.4,3,3,0,0
13/12/2020,350,22.5,2,2,0,0
13/12/2020,468,20.0,3,3,0,0
13/12/2020,447,30.5,3,2,1,0
13/12/2020,356,18.5,3,2,1,0
13/12/2020,390,18.3,4,2,2,0
13/12/2020,968,16.9,2,2,0,0
13/12/2020,177,14.4,3,3,0,0
13/12/2020,254,32.1,4,4,0,0
13/12/2020,504,15.9,2,2,0,0
13/12/2020,312,17.3,2,2,0,0
13/12/2020,63,22.6,2,2,0,0
13/12/2020,402,26.4,3,3,0,0
13/12/2020,319,20.0,2,1,1,0
13/12/2020,166,23.0,2,2,0,0
13/12/2020,355,18.4,3,3,0,0
13/12/2020,493,21.9,3,3,0,0
13/12/2020,83,16.2,4,0,3,1
13/12/2020,531,11.4,4,0,3,1
13/12/2020,497,20.4,3,2,0,1
13/12/2020,511,11.5,4,0,1,3
14/12/2020,254,32.5,3,3,0,0
14/12/2020,169,35.3,4,2,2,0
14/12/2020,177,14.6,2,2,0,0
14/12/2020,166,23.6,3,2,1,0
14/12/2020,557,12.8,1,0,1,0
14/12/2020,240,39.4,3,3,0,0
14/12/2020,584,16.5,2,1,1,0
14/12/2020,347,14.3,2,0,2,0
14/12/2020,952,28.9,4,4,0,0
14/12/2020,468,19.3,2,1,1,0
14/12/2020,53,18.1,2,2,0,0
14/12/2020,350,12.3,4,2,2,0
14/12/2020,443,20.1,3,1,2,0
14/12/2020,447,33.2,4,3,1,0
14/12/2020,348,33.2,3,3,0,0
14/12/2020,487,24.8,2,1,1,0
14/12/2020,479,20.3,2,2,0,0
14/12/2020,56,14.0,2,0,2,0
14/12/2020,337,38.9,4,4,0,0
14/12/2020,971,14.1,2,0,2,0
14/12/2020,383,19.2,2,2,0,0
14/12/2020,370,22.9,3,3,0,0
14/12/2020,402,27.5,2,1,1,0
14/12/2020,353,26.4,2,2,0,0
14/12/2020,26,23.0,3,1,2,0
14/12/2020,358,16.9,3,2,1,0
14/12/2020,968,17.4,2,2,0,0
14/12/2020,355,18.3,3,2,1,0
14/12/2020,319,21.7,2,2,0,0
14/12/2020,519,26.7,2,2,0,0
14/12/2020,281,30.8,3,3,0,0
14/12/2020,523,25.3,3,3,0,0
14/12/2020,300,14.1,2,0,2,0
14/12/2020,535,26.8,3,3,0,0
14/12/2020,516,23.0,2,2,0,0
14/12/2020,307,26.8,5,4,1,0
14/12/2020,83,13.4,3,0,3,0
14/12/2020,531,8.5,2,0,2,0
14/12/2020,532,17.4,2,1,1,0
14/12/2020,297,11.1,2,0,2,0
14/12/2020,524,21.7,2,1,1,0
14/12/2020,312,17.8,3,3,0,0
14/12/2020,278,26.1,4,4,0,0
14/12/2020,63,23.8,3,3,0,0
14/12/2020,497,20.4,3,1,2,0
14/12/2020,259,23.0,3,3,0,0
14/12/2020,539,27.6,3,3,0,0
14/12/2020,504,16.4,2,2,0,0
14/12/2020,311,11.2,3,3,0,0
14/12/2020,386,16.2,3,1,1,1
14/12/2020,493,20.6,3,0,2,1
14/12/2020,511,10.3,4,0,2,2
14/12/2020,390,15.0,4,0,1,3
14/12/2020,356,23.7,7,1,2,4
15/12/2020,968,15.2,2,1,1,0
15/12/2020,971,14.8,3,0,3,0
15/12/2020,56,13.5,1,0,1,0
15/12/2020,63,21.3,3,2,1,0
15/12/2020,53,18.8,2,2,0,0
15/12/2020,948,-,1,0,1,0
15/12/2020,26,24.3,2,2,0,0
15/12/2020,952,25.9,3,3,0,0
15/12/2020,259,23.4,2,2,0,0
15/12/2020,523,22.6,2,2,0,0
15/12/2020,468,16.6,2,1,1,0
15/12/2020,254,30.6,3,3,0,0
15/12/2020,355,17.3,2,2,0,0
15/12/2020,278,25.2,3,2,1,0
15/12/2020,312,12.6,4,2,2,0
15/12/2020,356,20.5,3,3,0,0
15/12/2020,557,17.5,3,0,3,0
15/12/2020,447,31.5,3,3,0,0
15/12/2020,497,21.4,3,2,1,0
15/12/2020,300,10.9,2,2,0,0
15/12/2020,240,38.7,4,4,0,0
15/12/2020,531,12.4,3,0,3,0
15/12/2020,297,11.8,2,0,2,0
15/12/2020,350,23.0,3,1,2,0
15/12/2020,524,18.4,4,2,2,0
15/12/2020,443,19.9,3,3,0,0
15/12/2020,296,7.8,1,1,0,0
15/12/2020,348,31.9,2,2,0,0
15/12/2020,353,25.4,3,3,0,0
15/12/2020,402,22.8,3,2,1,0
15/12/2020,539,27.4,3,3,0,0
15/12/2020,504,15.7,3,3,0,0
15/12/2020,532,19.8,2,1,1,0
15/12/2020,535,25.5,3,3,0,0
15/12/2020,281,29.4,3,3,0,0
15/12/2020,311,9.3,2,2,0,0
15/12/2020,347,13.1,4,0,4,0
15/12/2020,487,20.3,3,3,0,0
15/12/2020,337,38.1,3,3,0,0
15/12/2020,370,21.6,3,3,0,0
15/12/2020,169,38.5,2,1,1,0
15/12/2020,177,13.7,2,2,0,0
15/12/2020,307,26.3,4,4,0,0
15/12/2020,516,22.4,2,2,0,0
15/12/2020,383,17.3,3,3,0,0
15/12/2020,479,18.0,2,1,1,0
15/12/2020,386,13.5,3,0,3,0
15/12/2020,584,15.4,2,1,1,0
15/12/2020,319,14.9,2,1,1,0
15/12/2020,493,20.4,3,3,0,0
15/12/2020,358,17.1,3,3,0,0
15/12/2020,519,27.7,3,3,0,0
15/12/2020,166,19.4,4,1,2,1
15/12/2020,511,10.6,3,0,2,1
15/12/2020,83,14.7,5,0,4,1
15/12/2020,390,16.0,5,0,2,3
16/12/2020,337,16.3,2,2,0,0
16/12/2020,479,10.5,2,2,0,0
16/12/2020,468,12.2,2,0,2,0
16/12/2020,53,8.9,2,2,0,0
16/12/2020,952,13.3,2,2,0,0
16/12/2020,383,11.5,2,2,0,0
16/12/2020,356,13.8,2,2,0,0
16/12/2020,358,9.8,2,2,0,0
16/12/2020,386,11.2,3,0,3,0
16/12/2020,370,12.1,2,2,0,0
16/12/2020,971,9.8,2,0,2,0
16/12/2020,968,7.9,1,1,0,0
16/12/2020,26,10.4,2,2,0,0
16/12/2020,350,12.2,2,2,0,0
16/12/2020,443,11.8,2,2,0,0
16/12/2020,347,5.7,2,0,2,0
16/12/2020,348,15.2,1,1,0,0
16/12/2020,447,15.6,2,2,0,0
16/12/2020,390,11.2,3,0,3,0
16/12/2020,355,10.0,2,2,0,0
16/12/2020,353,11.8,2,2,0,0
16/12/2020,402,21.4,2,2,0,0
16/12/2020,557,9.9,1,0,1,0
16/12/2020,584,2.5,1,0,1,0
16/12/2020,259,10.3,1,1,0,0
16/12/2020,278,17.5,3,3,0,0
16/12/2020,539,17.6,3,3,0,0
16/12/2020,240,21.1,2,2,0,0
16/12/2020,254,14.4,2,2,0,0
16/12/2020,166,9.6,1,1,0,0
16/12/2020,177,8.8,2,2,0,0
16/12/2020,169,28.6,3,3,0,0
16/12/2020,311,6.4,2,1,1,0
16/12/2020,63,16.8,3,2,1,0
16/12/2020,497,14.3,3,3,0,0
16/12/2020,312,6.7,1,1,0,0
16/12/2020,511,6.5,3,0,3,0
16/12/2020,307,16.3,2,2,0,0
16/12/2020,504,7.9,1,1,0,0
16/12/2020,493,11.3,2,2,0,0
16/12/2020,319,10.0,2,0,2,0
16/12/2020,516,10.4,2,2,0,0
16/12/2020,532,10.1,2,1,1,0
16/12/2020,281,23.7,3,3,0,0
16/12/2020,535,12.6,1,1,0,0
16/12/2020,524,3.5,1,0,1,0
16/12/2020,519,9.6,1,1,0,0
16/12/2020,297,5.8,2,0,2,0
16/12/2020,300,5.8,2,2,0,0
16/12/2020,523,12.9,2,2,0,0
16/12/2020,56,6.1,2,0,1,1
16/12/2020,487,12.8,3,1,1,1
16/12/2020,531,5.9,3,0,2,1
16/12/2020,296,8.2,2,1,0,1
16/12/2020,83,7.9,3,0,2,1
