5a10. Current lactation feed data 16/12/2020 16:37:18
4,332,9721,350,440,2615,1870,0,0
8,338,6652,310,227,1607,1111,0,0
18,472,12308,491,516,3327,2122,76,58
23,378,8025,356,337,2004,1476,76,64
26,278,8359,438,349,1610,1433,0,0
43,351,6311,247,214,1586,1229,0,0
53,194,4095,243,111,1063,906,0,0
56,211,4653,84,150,1140,967,0,0
57,73,1210,70,45,545,389,0,0
60,230,5111,305,151,1141,821,0,0
63,90,1910,118,74,627,568,0,0
71,372,7341,422,236,1737,1433,0,0
73,402,8319,382,356,2092,1564,61,53
83,149,2365,156,91,1100,947,0,0
90,161,3182,196,130,1563,729,0,0
91,440,6952,215,276,1490,869,0,0
92,137,3952,209,157,1700,830,0,0
95,187,3544,235,138,2073,774,0,0
109,323,8267,343,372,2149,1534,0,0
163,344,7404,437,213,1593,1341,0,0
166,250,6788,141,209,1452,1300,0,0
167,367,10781,409,460,3995,1919,76,53
169,269,13832,798,499,3197,3099,0,0
170,195,3594,139,124,989,671,0,0
177,233,6281,232,214,1323,1086,0,0
182,319,8570,500,230,1966,1518,0,0
185,157,3076,152,119,1564,563,0,0
187,207,8764,182,302,2151,1723,0,0
190,303,8299,317,366,2916,1558,0,0
195,386,9752,371,315,2010,1849,0,0
202,255,6180,319,274,1714,1163,0,0
208,155,2858,160,119,690,573,0,0
211,239,5387,244,171,1298,1024,0,0
240,19,464,23,17,80,59,0,0
254,31,712,39,21,158,128,0,0
259,21,294,17,10,95,60,0,0
278,81,1848,63,75,328,283,0,0
279,362,4380,202,196,1767,946,0,0
281,91,2757,124,93,631,592,0,0
291,260,6570,227,275,3126,1533,0,0
295,764,6609,261,287,3745,1432,0,0
296,11,16,1,0,49,4,0,0
297,223,4396,210,151,1292,1005,0,0
300,253,6009,233,165,1273,1078,0,0
307,71,1706,117,53,491,448,0,0
308,246,57,2,2,3438,844,0,0
311,256,5480,150,169,1185,1049,0,0
312,259,7030,165,236,1431,1380,0,0
317,245,6311,423,191,1279,1070,0,0
319,178,4015,162,133,1023,898,0,0
328,23,274,7,7,6097,51,0,0
330,330,6568,161,228,3946,1258,17,11
332,241,2526,1,1,4468,1007,0,0
337,68,2260,-,-,440,421,0,0
344,117,3742,-,-,3373,780,0,0
345,156,100,2,2,6191,85,0,0
346,71,39,-,-,3258,127,0,0
347,251,4926,-,-,1118,939,0,0
348,62,1800,-,-,390,367,0,0
350,180,5079,250,145,1118,1057,0,0
351,310,4145,161,176,1590,700,0,0
353,31,547,-,-,156,127,0,0
354,196,6571,-,-,1802,1413,0,0
355,237,5450,-,-,1104,1002,0,0
356,247,7727,-,-,1621,1556,0,0
358,267,7986,-,-,1636,1560,0,0
359,308,8855,144,205,3519,1883,0,0
366,340,7098,62,81,1829,1285,0,0
367,8,143,-,-,1059,25,0,0
368,318,4376,116,143,1527,960,0,0
369,188,4540,-,-,1122,841,0,0
370,227,6170,-,-,1420,1287,0,0
376,286,4749,142,165,1915,578,0,0
379,224,5268,134,172,2040,611,0,0
382,255,7237,-,-,1530,1359,0,0
383,263,7657,-,-,1528,1411,0,0
386,238,5064,-,-,1070,891,0,0
389,211,5454,-,-,1441,1193,0,0
390,244,5989,-,-,1222,1098,0,0
394,232,6242,174,247,3705,1344,0,0
402,87,1915,-,-,610,496,0,0
437,190,1322,-,-,1853,52,0,0
443,186,4248,-,-,1434,1299,0,0
447,51,1330,-,-,319,294,0,0
454,46,488,17,19,7052,184,0,0
457,109,3420,-,-,1912,632,0,0
468,220,4222,-,-,1728,1403,0,0
479,222,4732,-,-,1764,1439,0,0
484,230,3488,-,-,2200,528,0,0
486,449,3467,3,4,2180,972,0,0
487,245,6960,-,-,1540,1427,0,0
488,176,4723,-,-,2118,1133,0,0
493,151,2843,-,-,886,765,0,0
497,82,1236,-,-,538,471,0,0
503,69,281,-,-,479,184,0,0
504,184,4212,-,-,1410,1242,0,0
511,240,3355,-,-,1747,1412,0,0
516,212,5358,-,-,1651,1377,0,0
519,165,4702,-,-,1041,948,0,0
523,197,4584,-,-,1564,789,0,0
524,105,1795,-,-,748,657,0,0
527,470,5496,17,23,2148,1022,0,0
531,177,2144,-,-,734,589,0,0
532,31,451,-,-,162,135,0,0
535,90,2367,-,-,628,557,0,0
539,58,1239,-,-,381,336,0,0
544,209,1434,-,-,2009,678,0,0
550,127,-,-,-,1156,0,0,0
552,327,6242,242,265,3756,1769,0,0
557,87,831,-,-,522,345,0,0
581,273,3739,-,-,1635,799,0,0
584,283,3425,-,-,2023,1037,0,0
585,312,1250,-,-,2538,822,0,0
586,273,4046,-,-,1694,884,0,0
590,219,1142,-,-,2222,724,0,0
593,236,1701,-,-,2559,175,0,0
595,279,4337,-,-,1659,947,0,0
598,313,740,-,-,1406,42,0,0
599,240,1307,-,-,1012,312,0,0
600,75,675,-,-,522,335,0,0
603,240,1637,-,-,2465,841,0,0
604,274,4636,-,-,1645,899,0,0
610,232,1891,-,-,2024,743,0,0
660,368,11396,422,497,3956,2346,76,71
661,457,8672,330,359,5266,2027,0,0
752,368,10000,478,411,2533,2057,76,73
794,319,3653,141,126,1401,1089,0,0
806,351,10319,341,355,2367,1929,0,0
836,428,11094,456,485,2790,1911,0,0
914,296,4795,172,207,2125,1124,73,67
915,131,4370,154,130,1454,831,0,0
917,-,-,-,-,504,0,0,0
918,321,6922,321,308,1912,1428,76,70
921,326,8486,395,289,1955,1590,0,0
946,63,1220,59,44,2109,275,0,0
948,-,-,-,-,35,2,0,0
952,53,1300,61,54,333,311,0,0
955,50,685,13,22,993,206,0,0
963,472,10210,281,395,2435,2046,0,0
968,250,6517,217,231,1393,1172,0,0
969,368,5423,293,178,1992,1428,0,0
971,23,263,8,11,83,71,0,0
973,160,3186,80,95,930,552,0,0
