5a16. Wait time, Milk/Feed Last month 16/12/2020 16:47:46
15/11/2020,83,15.5,8000,6585
15/11/2020,383,11.4,4500,3932
15/11/2020,443,20.2,8000,7908
15/11/2020,26,25.4,5800,5710
15/11/2020,595,10.6,4000,4062
15/11/2020,503,6.2,8000,3964
15/11/2020,317,11.4,4100,4093
15/11/2020,524,19.6,8000,7969
15/11/2020,504,17.8,8000,6908
15/11/2020,382,13.2,4400,3556
15/11/2020,350,22.6,5400,4611
15/11/2020,497,17.1,8000,6737
15/11/2020,297,14.0,4100,3887
15/11/2020,319,9.9,4700,3131
15/11/2020,968,18.0,4500,4287
15/11/2020,447,29.0,5600,5584
15/11/2020,278,25.5,4000,4048
15/11/2020,300,12.2,4000,3279
15/11/2020,581,9.6,4000,3014
15/11/2020,356,24.5,6300,6207
15/11/2020,208,6.5,4100,4126
15/11/2020,516,25.8,8000,7639
15/11/2020,60,11.3,4100,2756
15/11/2020,584,16.7,8000,8000
15/11/2020,211,7.7,3700,2447
15/11/2020,358,20.3,4700,4666
15/11/2020,390,19.7,4500,4407
15/11/2020,57,16.0,8000,7073
15/11/2020,56,12.3,4300,3315
15/11/2020,952,26.2,5800,5813
15/11/2020,307,27.0,8000,8044
15/11/2020,519,25.7,5400,5161
15/11/2020,312,17.0,4300,4212
15/11/2020,557,15.9,9000,7331
15/11/2020,386,15.1,4200,4240
15/11/2020,195,8.5,2000,1705
15/11/2020,63,20.6,8000,8040
15/11/2020,311,10.2,4000,3311
15/11/2020,523,20.7,8000,6563
15/11/2020,586,11.6,5000,4603
15/11/2020,402,27.5,8000,7269
15/11/2020,511,11.0,7400,7407
15/11/2020,355,14.9,4500,4052
15/11/2020,53,17.7,4300,4206
15/11/2020,281,33.2,8000,7984
15/11/2020,487,18.8,5700,3800
15/11/2020,479,16.1,8000,6879
15/11/2020,539,22.0,6600,6560
15/11/2020,347,5.7,3700,3694
15/11/2020,468,19.3,8000,7774
15/11/2020,337,35.6,8000,7547
15/11/2020,166,20.9,5800,5766
15/11/2020,535,29.3,8000,8038
15/11/2020,370,20.8,5600,5591
15/11/2020,973,16.7,4500,3564
15/11/2020,169,42.5,11000,7395
15/11/2020,604,12.7,5000,4915
15/11/2020,177,10.4,4300,2761
15/11/2020,600,15.1,9000,8306
15/11/2020,348,29.2,7200,6843
15/11/2020,493,22.1,8000,8010
15/11/2020,531,11.4,3900,3217
16/11/2020,604,14.6,5000,5015
16/11/2020,390,17.4,4600,4313
16/11/2020,516,21.1,8000,7975
16/11/2020,493,22.7,8000,7919
16/11/2020,60,12.5,4100,2036
16/11/2020,211,8.4,3700,3324
16/11/2020,63,22.5,8000,8024
16/11/2020,497,12.3,8000,7929
16/11/2020,358,21.8,4800,4816
16/11/2020,586,9.6,5000,3930
16/11/2020,311,10.9,4000,3271
16/11/2020,169,40.3,11000,11406
16/11/2020,356,23.5,6200,6214
16/11/2020,57,17.7,8000,7847
16/11/2020,519,24.8,5500,5293
16/11/2020,166,24.8,5800,5729
16/11/2020,584,16.4,8000,6966
16/11/2020,337,26.2,8000,6111
16/11/2020,468,17.4,8000,7271
16/11/2020,319,18.4,4600,4414
16/11/2020,317,14.6,4200,4019
16/11/2020,447,27.5,5700,5650
16/11/2020,503,5.9,8000,4048
16/11/2020,83,14.1,8000,7719
16/11/2020,595,9.6,4000,3941
16/11/2020,443,18.3,8000,7915
16/11/2020,600,17.2,9000,8966
16/11/2020,347,5.5,3600,3609
16/11/2020,479,19.1,8000,7935
16/11/2020,487,22.5,5700,5711
16/11/2020,312,18.8,4300,4264
16/11/2020,348,32.1,7300,6736
16/11/2020,355,18.1,4500,4507
16/11/2020,350,22.5,5300,5344
16/11/2020,511,11.8,7400,7179
16/11/2020,402,28.0,8000,7560
16/11/2020,177,14.1,4300,2544
16/11/2020,504,17.9,8000,8031
16/11/2020,195,7.9,2000,1228
16/11/2020,581,8.8,4000,3437
16/11/2020,968,16.7,4600,4173
16/11/2020,281,34.5,8000,8006
16/11/2020,300,13.0,4000,3949
16/11/2020,524,20.1,8000,7955
16/11/2020,539,25.5,6800,6717
16/11/2020,26,25.9,5900,5692
16/11/2020,557,15.4,9000,5170
16/11/2020,952,24.7,5900,5907
16/11/2020,278,24.5,4000,4008
16/11/2020,523,21.3,8000,7208
16/11/2020,386,15.5,4200,4154
16/11/2020,297,14.5,4100,4036
16/11/2020,307,30.2,8000,8010
16/11/2020,535,29.8,8000,8059
16/11/2020,370,19.8,5800,5747
16/11/2020,53,17.2,4200,3524
16/11/2020,531,12.4,3900,3857
16/11/2020,973,18.3,4600,2811
16/11/2020,382,15.5,4300,4271
16/11/2020,56,8.9,4200,2557
16/11/2020,383,19.8,4600,4641
17/11/2020,350,20.8,5300,5140
17/11/2020,497,19.1,8000,7276
17/11/2020,278,26.5,4000,3939
17/11/2020,382,16.6,4200,4209
17/11/2020,83,13.9,8000,7751
17/11/2020,383,20.3,4600,4488
17/11/2020,503,6.3,8000,4030
17/11/2020,443,19.9,8000,7972
17/11/2020,297,13.5,4100,2884
17/11/2020,319,18.0,4600,4102
17/11/2020,26,24.7,6000,5737
17/11/2020,595,0.5,4000,4005
17/11/2020,447,29.9,5800,5815
17/11/2020,968,17.7,4600,4234
17/11/2020,337,31.2,8000,7489
17/11/2020,973,18.7,4600,3760
17/11/2020,169,47.3,11000,9054
17/11/2020,281,35.8,8000,8021
17/11/2020,487,22.5,5600,5578
17/11/2020,479,19.5,8000,7948
17/11/2020,539,24.6,7000,7000
17/11/2020,166,24.3,5800,5404
17/11/2020,535,30.2,8000,7944
17/11/2020,604,14.1,5000,4522
17/11/2020,370,22.5,5800,5818
17/11/2020,348,33.3,7600,7492
17/11/2020,531,13.2,4000,4023
17/11/2020,177,12.9,4200,2578
17/11/2020,493,22.4,8000,8006
17/11/2020,468,17.3,8000,7781
17/11/2020,600,18.5,9000,9064
17/11/2020,347,9.8,3500,2598
17/11/2020,317,10.6,4200,3711
17/11/2020,519,27.2,5600,5592
17/11/2020,311,11.0,4000,3021
17/11/2020,952,26.6,6000,5990
17/11/2020,511,10.9,7400,7573
17/11/2020,584,16.3,8000,5220
17/11/2020,581,9.9,4000,2696
17/11/2020,57,17.2,8000,7959
17/11/2020,557,13.9,9000,6354
17/11/2020,355,17.9,4400,4351
17/11/2020,195,8.3,2000,1367
17/11/2020,208,7.6,3800,3701
17/11/2020,386,15.6,4200,4110
17/11/2020,56,8.3,4200,2286
17/11/2020,356,25.9,6200,6234
17/11/2020,300,13.2,4000,3703
17/11/2020,516,20.5,8000,7152
17/11/2020,402,28.2,8000,7876
17/11/2020,523,22.7,8000,6332
17/11/2020,524,19.8,8000,7615
17/11/2020,63,22.8,8000,7920
17/11/2020,60,8.7,4100,1658
17/11/2020,358,19.2,4800,4733
17/11/2020,211,8.7,3600,3629
17/11/2020,390,19.7,4600,4585
17/11/2020,307,28.1,8000,8020
17/11/2020,504,16.6,8000,7654
17/11/2020,312,16.6,4300,4241
17/11/2020,586,11.7,5000,4263
17/11/2020,53,18.5,4200,4117
17/11/2020,948,6.5,2000,1966
18/11/2020,468,19.0,8000,7214
18/11/2020,355,18.6,4400,4439
18/11/2020,600,18.0,9000,8990
18/11/2020,177,12.6,4200,2295
18/11/2020,523,21.5,8000,5882
18/11/2020,311,10.2,4000,3959
18/11/2020,347,9.9,3500,3264
18/11/2020,516,22.1,8000,6264
18/11/2020,307,32.4,8000,7984
18/11/2020,370,21.0,5700,5722
18/11/2020,57,11.8,8000,4289
18/11/2020,337,36.0,8000,8047
18/11/2020,604,15.3,5000,5012
18/11/2020,584,14.3,8000,6721
18/11/2020,211,9.7,3600,3576
18/11/2020,358,20.7,4900,4889
18/11/2020,166,23.9,5800,5708
18/11/2020,535,28.7,8000,7450
18/11/2020,519,25.8,5800,5729
18/11/2020,952,26.0,6200,6214
18/11/2020,539,24.6,7200,7150
18/11/2020,208,12.0,3800,2678
18/11/2020,356,25.7,6100,6026
18/11/2020,487,22.6,5500,5500
18/11/2020,281,35.4,8000,7993
18/11/2020,581,7.7,4000,3183
18/11/2020,390,20.6,4600,4631
18/11/2020,169,44.2,10800,8475
18/11/2020,973,16.8,4600,2879
18/11/2020,479,19.1,8000,7301
18/11/2020,56,12.5,4100,3138
18/11/2020,531,12.2,4000,4031
18/11/2020,319,13.8,4500,3990
18/11/2020,386,15.1,4100,3864
18/11/2020,968,19.2,4600,4566
18/11/2020,195,7.9,2000,1098
18/11/2020,447,28.3,5900,5926
18/11/2020,312,18.0,4400,4283
18/11/2020,382,16.3,4200,4211
18/11/2020,557,12.6,9000,4839
18/11/2020,350,21.9,5400,5070
18/11/2020,497,18.1,8000,8028
18/11/2020,443,20.3,8000,7991
18/11/2020,317,13.9,4200,3382
18/11/2020,524,23.6,8000,7953
18/11/2020,297,12.3,4100,2438
18/11/2020,26,24.6,6000,5918
18/11/2020,383,17.7,4600,3766
18/11/2020,504,16.2,8000,7211
18/11/2020,503,5.9,8000,3942
18/11/2020,83,15.2,8000,8062
18/11/2020,402,26.8,8000,7464
18/11/2020,300,13.4,4000,3700
18/11/2020,53,19.6,4300,4160
18/11/2020,63,24.3,8000,8063
18/11/2020,493,21.2,8000,7691
18/11/2020,348,30.6,7400,7019
18/11/2020,586,11.2,5000,4389
18/11/2020,278,28.7,4000,4014
18/11/2020,511,12.1,7400,7412
19/11/2020,195,7.4,2000,1712
19/11/2020,312,16.1,4400,4412
19/11/2020,177,13.1,4200,3142
19/11/2020,503,6.1,8000,3975
19/11/2020,317,12.4,4100,3538
19/11/2020,311,11.1,4000,3706
19/11/2020,493,19.9,8000,7024
19/11/2020,516,19.9,8000,7371
19/11/2020,504,15.0,8000,8018
19/11/2020,581,7.4,4000,3127
19/11/2020,307,29.3,8000,7952
19/11/2020,300,11.2,4100,2481
19/11/2020,523,21.3,8000,5718
19/11/2020,524,18.8,8000,7984
19/11/2020,531,11.1,4000,3923
19/11/2020,535,30.0,8000,8014
19/11/2020,519,26.1,5900,5701
19/11/2020,211,10.8,3600,3614
19/11/2020,208,7.4,3800,1701
19/11/2020,169,47.3,10600,9859
19/11/2020,600,18.0,9000,8804
19/11/2020,487,24.6,5500,5469
19/11/2020,497,12.7,8000,7980
19/11/2020,586,11.9,5000,4866
19/11/2020,319,19.4,4500,3712
19/11/2020,511,9.4,7400,6968
19/11/2020,584,16.0,8000,4678
19/11/2020,278,28.1,4000,4032
19/11/2020,337,34.9,8000,7979
19/11/2020,604,15.4,5000,4901
19/11/2020,297,11.7,4100,3451
19/11/2020,557,11.6,9000,6273
19/11/2020,595,5.5,4000,3534
19/11/2020,539,25.6,7400,7394
19/11/2020,281,33.0,8000,7997
19/11/2020,348,31.7,7400,7050
19/11/2020,383,17.0,4600,4445
19/11/2020,350,16.5,5200,5206
19/11/2020,53,19.5,4300,4336
19/11/2020,386,13.7,4100,4069
19/11/2020,468,17.4,8000,7614
19/11/2020,968,17.2,4600,4396
19/11/2020,26,24.6,6000,6036
19/11/2020,347,10.1,3500,2666
19/11/2020,382,15.5,4200,4192
19/11/2020,60,5.7,4100,3200
19/11/2020,356,23.5,6000,6056
19/11/2020,390,20.1,4700,4629
19/11/2020,402,19.7,8000,7742
19/11/2020,63,23.2,8000,7989
19/11/2020,355,16.7,4400,4400
19/11/2020,952,24.3,6400,6360
19/11/2020,447,25.0,6000,5985
19/11/2020,56,10.6,3900,3579
19/11/2020,57,12.3,8000,6224
19/11/2020,443,20.3,8000,7989
19/11/2020,83,13.8,8000,8010
19/11/2020,358,21.2,4900,4905
19/11/2020,479,18.3,8000,8014
19/11/2020,973,12.2,4600,3168
19/11/2020,370,21.4,5700,5678
19/11/2020,166,25.7,5900,5826
20/11/2020,370,16.6,5600,5651
20/11/2020,523,21.5,8000,7869
20/11/2020,497,14.9,8000,7771
20/11/2020,300,9.9,4100,2595
20/11/2020,604,12.2,5000,4060
20/11/2020,319,14.6,4500,3001
20/11/2020,350,24.8,5300,5148
20/11/2020,337,33.7,8000,8001
20/11/2020,386,12.3,4100,4127
20/11/2020,53,18.5,4300,4229
20/11/2020,447,20.7,6200,6184
20/11/2020,60,9.8,4100,2465
20/11/2020,317,11.5,4100,4001
20/11/2020,948,4.5,2000,1948
20/11/2020,358,18.2,4900,4932
20/11/2020,519,21.3,6000,5541
20/11/2020,211,12.0,3600,3559
20/11/2020,390,16.2,4700,4690
20/11/2020,584,13.0,8000,4826
20/11/2020,57,14.1,8000,5900
20/11/2020,443,19.6,8000,8011
20/11/2020,166,23.2,5800,5840
20/11/2020,952,25.7,6600,6528
20/11/2020,595,4.4,4000,4047
20/11/2020,356,22.4,6000,6017
20/11/2020,281,30.9,8000,7975
20/11/2020,83,16.0,8000,7988
20/11/2020,307,28.7,8000,8054
20/11/2020,503,6.0,8000,3949
20/11/2020,581,7.8,4000,3912
20/11/2020,56,14.2,3900,3236
20/11/2020,504,16.4,8000,7415
20/11/2020,600,18.3,9000,8898
20/11/2020,531,12.2,4000,3692
20/11/2020,169,47.2,10600,8954
20/11/2020,586,9.7,5000,4677
20/11/2020,511,11.4,7400,7153
20/11/2020,382,13.2,4300,4071
20/11/2020,402,26.3,8000,7934
20/11/2020,355,15.2,4500,4484
20/11/2020,177,11.4,4200,3972
20/11/2020,311,8.5,4000,3938
20/11/2020,468,15.9,8000,6343
20/11/2020,479,19.2,8000,8014
20/11/2020,278,25.2,4000,3992
20/11/2020,347,11.4,3500,2455
20/11/2020,968,15.6,4700,4121
20/11/2020,195,6.7,2000,1626
20/11/2020,63,19.0,8000,8006
20/11/2020,524,18.8,8000,7460
20/11/2020,535,26.2,8000,8011
20/11/2020,348,29.3,7600,7622
20/11/2020,312,15.9,4400,4336
20/11/2020,516,13.8,8000,5470
20/11/2020,487,22.7,5500,5510
20/11/2020,539,26.6,7600,7566
20/11/2020,297,12.4,4100,3051
20/11/2020,26,24.1,6100,5248
20/11/2020,383,15.4,4600,4470
20/11/2020,493,20.4,8000,7980
21/11/2020,390,16.6,4800,4821
21/11/2020,370,22.6,5500,5499
21/11/2020,60,10.6,4100,2985
21/11/2020,535,30.2,8000,7984
21/11/2020,355,18.0,4500,4473
21/11/2020,516,26.0,8000,7343
21/11/2020,208,5.8,3700,2969
21/11/2020,311,11.7,3900,3584
21/11/2020,356,24.4,5900,5833
21/11/2020,383,16.6,4600,4190
21/11/2020,968,17.2,4600,3784
21/11/2020,26,24.7,6100,6141
21/11/2020,524,16.6,8000,6891
21/11/2020,539,26.3,7800,7751
21/11/2020,297,12.9,4100,2997
21/11/2020,382,14.5,4300,3976
21/11/2020,531,11.4,4000,3458
21/11/2020,278,22.7,4000,3966
21/11/2020,307,28.2,8000,7922
21/11/2020,519,24.5,6000,5955
21/11/2020,952,28.3,6800,6837
21/11/2020,581,9.3,4000,3842
21/11/2020,56,12.5,3900,3607
21/11/2020,211,11.4,3600,3294
21/11/2020,57,14.6,8000,5927
21/11/2020,584,15.3,8000,5521
21/11/2020,358,18.7,5000,4908
21/11/2020,532,4.1,3400,2600
21/11/2020,948,0.4,2000,2015
21/11/2020,281,34.1,8000,7978
21/11/2020,386,14.7,4200,4189
21/11/2020,254,1.9,3400,1703
21/11/2020,557,7.4,9000,3907
21/11/2020,973,6.6,4600,3471
21/11/2020,300,10.6,4100,3328
21/11/2020,523,24.1,8000,8004
21/11/2020,53,18.7,4400,4137
21/11/2020,487,25.2,5500,5470
21/11/2020,317,13.6,4100,4064
21/11/2020,177,13.6,4100,3854
21/11/2020,353,3.7,3400,1619
21/11/2020,479,20.9,8000,7972
21/11/2020,350,20.1,5100,4886
21/11/2020,447,23.3,6400,6353
21/11/2020,169,50.1,10900,10888
21/11/2020,319,20.0,4400,4449
21/11/2020,600,18.8,9000,8972
21/11/2020,468,20.0,8000,7994
21/11/2020,443,21.2,8000,7961
21/11/2020,503,5.7,8000,4663
21/11/2020,83,14.6,8000,6833
21/11/2020,347,11.8,3600,2488
21/11/2020,497,18.4,8000,7092
21/11/2020,511,10.7,7400,7281
21/11/2020,195,8.0,2000,1877
21/11/2020,348,32.7,7600,7426
21/11/2020,166,22.2,5800,5778
21/11/2020,402,26.4,8000,7700
21/11/2020,493,21.7,8000,7974
21/11/2020,604,12.9,5000,2895
21/11/2020,63,24.4,8000,7871
21/11/2020,586,13.0,5000,3969
21/11/2020,504,16.6,8000,7944
21/11/2020,337,34.8,8000,7996
21/11/2020,312,15.0,4400,4280
22/11/2020,297,12.3,4100,2930
22/11/2020,524,19.4,8000,7993
22/11/2020,382,7.8,4200,4158
22/11/2020,600,8.5,9000,5910
22/11/2020,383,16.6,4600,4136
22/11/2020,177,14.5,4100,4095
22/11/2020,26,20.8,6000,5985
22/11/2020,348,23.8,7400,7390
22/11/2020,968,16.3,4600,3801
22/11/2020,347,10.5,3600,1344
22/11/2020,604,1.5,5000,3587
22/11/2020,337,35.5,8000,8002
22/11/2020,281,28.6,8000,7861
22/11/2020,479,12.8,8000,7699
22/11/2020,539,20.2,8000,8001
22/11/2020,973,14.0,4500,4286
22/11/2020,535,19.6,8000,7252
22/11/2020,370,21.6,5300,5303
22/11/2020,532,14.3,3600,3611
22/11/2020,166,17.5,5700,5554
22/11/2020,468,15.9,8000,6962
22/11/2020,278,25.3,4000,3975
22/11/2020,531,10.5,4000,3798
22/11/2020,169,48.1,11200,10763
22/11/2020,487,23.1,5400,5204
22/11/2020,353,17.0,3600,3292
22/11/2020,317,11.2,4100,3760
22/11/2020,390,18.1,4800,4723
22/11/2020,356,24.3,5800,5793
22/11/2020,584,13.8,8000,3396
22/11/2020,57,15.9,8000,6045
22/11/2020,503,0.7,8000,1980
22/11/2020,56,10.5,3900,2942
22/11/2020,581,8.4,4000,3499
22/11/2020,443,19.4,8000,7814
22/11/2020,358,16.6,4900,4866
22/11/2020,211,9.0,3700,2061
22/11/2020,519,23.7,5800,5818
22/11/2020,83,13.7,8000,6690
22/11/2020,307,27.5,8000,8063
22/11/2020,402,14.6,8000,6920
22/11/2020,355,15.8,4500,4449
22/11/2020,311,8.2,3900,3280
22/11/2020,586,10.2,5000,4028
22/11/2020,63,22.1,8000,7621
22/11/2020,511,11.5,7400,7372
22/11/2020,60,10.7,4000,3205
22/11/2020,504,17.7,8000,7484
22/11/2020,208,5.7,3600,1756
22/11/2020,516,20.6,8000,6692
22/11/2020,195,6.7,2000,1266
22/11/2020,312,17.4,4400,4349
22/11/2020,447,16.6,6600,6624
22/11/2020,350,13.8,5100,5074
22/11/2020,557,13.4,9000,6423
22/11/2020,300,11.8,4100,3684
22/11/2020,497,13.3,8000,7964
22/11/2020,53,17.1,4500,4242
22/11/2020,523,18.4,8000,5449
22/11/2020,493,20.0,8000,7671
22/11/2020,254,26.0,3600,3352
22/11/2020,386,11.4,4100,3993
22/11/2020,595,1.5,4000,4021
22/11/2020,952,18.2,7000,7027
22/11/2020,319,15.8,4300,4268
23/11/2020,383,13.8,4500,4317
23/11/2020,355,6.5,4400,3786
23/11/2020,312,17.4,4500,4378
23/11/2020,468,19.4,8000,6914
23/11/2020,504,17.3,8000,6958
23/11/2020,337,37.6,8000,7964
23/11/2020,386,10.0,4100,4064
23/11/2020,319,21.3,4400,4169
23/11/2020,311,7.4,3900,2339
23/11/2020,511,9.7,7400,6447
23/11/2020,524,20.0,8000,6901
23/11/2020,370,21.1,5200,5197
23/11/2020,297,11.7,4100,2033
23/11/2020,443,18.3,8000,7294
23/11/2020,532,15.0,3800,3818
23/11/2020,348,21.0,7500,7465
23/11/2020,493,20.6,8000,7749
23/11/2020,402,24.6,8000,6517
23/11/2020,353,15.4,3800,2536
23/11/2020,487,21.6,5400,4691
23/11/2020,347,10.1,3600,2088
23/11/2020,300,10.9,4000,2336
23/11/2020,519,26.5,5700,5705
23/11/2020,497,10.9,8000,4619
23/11/2020,523,18.4,8000,3998
23/11/2020,503,0.6,8000,5118
23/11/2020,358,18.9,4800,4755
23/11/2020,317,12.0,4100,2637
23/11/2020,479,23.7,8000,5932
23/11/2020,447,29.9,6800,6767
23/11/2020,382,14.6,4200,4204
23/11/2020,350,16.6,5100,4923
23/11/2020,516,21.2,8000,7107
23/11/2020,390,17.7,4700,3982
23/11/2020,531,8.7,4000,3856
23/11/2020,356,24.7,5700,5761
23/11/2020,307,29.8,8000,7983
23/11/2020,208,4.6,3600,1394
23/11/2020,166,28.0,5600,5598
23/11/2020,177,14.3,4000,3371
23/11/2020,53,19.7,4500,4183
23/11/2020,56,16.6,3900,3562
23/11/2020,952,27.1,7200,7153
23/11/2020,586,10.9,5000,3615
23/11/2020,63,23.7,8000,7853
23/11/2020,278,27.8,4000,4051
23/11/2020,604,1.1,5000,3171
23/11/2020,169,45.5,11500,9204
23/11/2020,557,14.0,9000,5342
23/11/2020,83,14.0,8000,7985
23/11/2020,968,14.5,4600,2625
23/11/2020,26,24.7,6000,5898
23/11/2020,581,9.3,4000,1842
23/11/2020,254,22.1,3800,2413
23/11/2020,600,8.1,9000,9475
23/11/2020,584,14.7,8000,4330
23/11/2020,211,9.8,3700,3015
23/11/2020,60,10.1,3900,2328
23/11/2020,195,4.5,2000,841
23/11/2020,57,16.2,8000,5979
23/11/2020,948,1.8,2000,1414
23/11/2020,595,8.9,4000,3980
23/11/2020,973,20.2,4300,4061
23/11/2020,539,28.7,8000,7970
23/11/2020,281,22.9,8000,8001
23/11/2020,535,16.6,8000,7313
24/11/2020,211,12.1,3800,3114
24/11/2020,383,20.8,4500,3635
24/11/2020,390,17.1,4700,3994
24/11/2020,600,12.7,9000,8696
24/11/2020,317,10.7,4000,2313
24/11/2020,584,14.7,8000,6408
24/11/2020,487,22.3,5500,5476
24/11/2020,57,16.5,8000,7916
24/11/2020,356,18.7,5800,5792
24/11/2020,503,3.8,8000,3876
24/11/2020,353,16.8,4000,3252
24/11/2020,307,30.1,8000,7977
24/11/2020,60,12.1,3800,2329
24/11/2020,519,27.2,5900,5892
24/11/2020,581,7.6,4000,3232
24/11/2020,497,21.6,8000,7686
24/11/2020,402,21.9,8000,7996
24/11/2020,311,9.9,3900,3273
24/11/2020,53,18.4,4500,4213
24/11/2020,493,21.2,8000,7173
24/11/2020,195,5.3,2000,1087
24/11/2020,63,23.4,8000,7671
24/11/2020,511,10.2,7400,7192
24/11/2020,586,9.0,5000,3610
24/11/2020,358,17.0,4800,4792
24/11/2020,952,29.5,7400,7323
24/11/2020,56,13.7,3900,3497
24/11/2020,177,14.0,4100,3123
24/11/2020,595,7.8,4000,4048
24/11/2020,504,15.6,8000,7981
24/11/2020,948,1.6,2000,1910
24/11/2020,386,14.5,4200,4227
24/11/2020,355,19.0,4400,4394
24/11/2020,319,19.4,4400,3643
24/11/2020,312,17.5,4500,4240
24/11/2020,516,21.5,8000,6637
24/11/2020,208,6.7,3600,2076
24/11/2020,350,20.4,5000,5058
24/11/2020,539,27.4,8000,8035
24/11/2020,166,21.7,5500,5527
24/11/2020,281,30.3,8000,8001
24/11/2020,532,15.1,4000,3957
24/11/2020,297,12.4,4100,2640
24/11/2020,447,23.1,7000,6963
24/11/2020,973,18.0,4300,2776
24/11/2020,348,28.7,7500,7491
24/11/2020,479,13.9,8000,7741
24/11/2020,531,11.2,4000,4054
24/11/2020,278,26.2,4000,4001
24/11/2020,557,12.4,9000,5858
24/11/2020,254,22.3,4000,3403
24/11/2020,370,20.0,5100,5084
24/11/2020,443,17.8,8000,7176
24/11/2020,337,39.9,8000,7977
24/11/2020,83,14.2,8000,7820
24/11/2020,347,10.8,3700,2493
24/11/2020,535,24.2,8000,7324
24/11/2020,523,8.9,8000,6230
24/11/2020,300,8.1,4000,3853
24/11/2020,604,9.3,5000,4988
24/11/2020,169,47.8,11500,11509
24/11/2020,26,21.7,6000,6021
24/11/2020,968,11.6,4600,2613
24/11/2020,468,17.8,8000,7029
24/11/2020,524,21.6,8000,8016
24/11/2020,382,11.8,4200,4244
25/11/2020,348,32.1,7400,7270
25/11/2020,468,18.5,8000,7360
25/11/2020,356,21.5,5800,5842
25/11/2020,347,11.3,3800,2138
25/11/2020,60,11.3,3800,1878
25/11/2020,319,16.6,4500,2634
25/11/2020,355,17.3,4400,4397
25/11/2020,503,4.6,8000,3997
25/11/2020,595,5.2,4000,3971
25/11/2020,497,13.7,8000,6496
25/11/2020,600,15.2,9000,8805
25/11/2020,353,19.6,4100,4104
25/11/2020,83,14.2,8000,7414
25/11/2020,169,49.4,11500,11510
25/11/2020,487,21.0,5400,5162
25/11/2020,337,35.7,8000,8032
25/11/2020,443,18.9,8000,7224
25/11/2020,604,13.2,5000,5013
25/11/2020,402,23.5,8000,7429
25/11/2020,493,19.0,8000,6217
25/11/2020,63,24.2,8000,7963
25/11/2020,479,20.8,8000,7823
25/11/2020,447,28.3,7200,7183
25/11/2020,177,13.8,4100,3020
25/11/2020,350,19.9,4900,4543
25/11/2020,166,16.7,5700,5675
25/11/2020,581,9.3,4000,3744
25/11/2020,383,15.5,4500,3986
25/11/2020,307,30.4,8000,8030
25/11/2020,557,13.3,9000,5715
25/11/2020,254,25.5,4100,3936
25/11/2020,300,12.5,4000,2649
25/11/2020,523,26.6,8000,7396
25/11/2020,26,24.0,6000,5944
25/11/2020,968,13.5,4500,3802
25/11/2020,519,27.1,6100,5939
25/11/2020,53,17.8,4600,4001
25/11/2020,208,7.7,3500,2975
25/11/2020,952,27.6,7600,7672
25/11/2020,56,9.6,4000,3175
25/11/2020,311,10.1,3900,3723
25/11/2020,584,15.7,8000,5127
25/11/2020,211,11.1,3800,3618
25/11/2020,386,14.0,4200,4200
25/11/2020,516,14.1,8000,6796
25/11/2020,382,13.4,4200,4150
25/11/2020,539,28.9,8000,8019
25/11/2020,531,11.8,4000,3997
25/11/2020,370,20.1,5100,4882
25/11/2020,535,31.7,8000,7816
25/11/2020,281,34.1,8000,8037
25/11/2020,532,16.0,4100,4094
25/11/2020,973,16.8,4300,3398
25/11/2020,524,15.9,8000,7911
25/11/2020,297,12.3,4100,2518
25/11/2020,278,27.8,4000,4001
25/11/2020,511,11.7,7400,7580
25/11/2020,504,18.3,8000,7798
25/11/2020,358,18.8,4800,4830
25/11/2020,57,16.8,8000,7068
25/11/2020,586,11.0,5000,3723
25/11/2020,195,6.1,2000,1534
25/11/2020,390,17.4,4700,4660
25/11/2020,312,17.8,4500,4486
25/11/2020,317,9.2,4000,2610
26/11/2020,166,20.9,5600,5651
26/11/2020,504,16.0,8000,7065
26/11/2020,319,14.9,4500,3309
26/11/2020,337,33.3,8000,7985
26/11/2020,443,19.3,8000,7728
26/11/2020,382,13.2,4200,4153
26/11/2020,524,19.4,8000,8028
26/11/2020,297,11.7,4100,3624
26/11/2020,447,24.8,7400,7385
26/11/2020,350,18.5,4800,4767
26/11/2020,83,10.4,8000,7213
26/11/2020,57,16.9,8000,7162
26/11/2020,468,16.2,8000,5279
26/11/2020,532,15.1,4200,4194
26/11/2020,973,17.4,4300,3704
26/11/2020,539,27.7,8000,7955
26/11/2020,281,29.9,8000,7976
26/11/2020,503,4.9,8000,4048
26/11/2020,370,14.3,4900,4817
26/11/2020,317,7.6,4000,2808
26/11/2020,535,29.1,8000,6535
26/11/2020,347,10.7,3800,3078
26/11/2020,356,21.3,5900,5849
26/11/2020,60,10.6,3900,1900
26/11/2020,479,18.4,8000,8083
26/11/2020,278,25.3,4000,3928
26/11/2020,390,17.3,4700,4755
26/11/2020,531,10.7,4000,3959
26/11/2020,348,30.1,7400,6735
26/11/2020,254,24.4,4200,4174
26/11/2020,584,14.7,8000,4771
26/11/2020,600,14.3,9000,8592
26/11/2020,211,11.1,3800,2767
26/11/2020,586,10.5,5000,3138
26/11/2020,307,25.0,8000,7958
26/11/2020,56,14.8,4000,3901
26/11/2020,195,5.3,2000,1064
26/11/2020,358,16.3,4700,4685
26/11/2020,353,17.1,4200,3875
26/11/2020,519,21.2,6100,5661
26/11/2020,493,22.1,8000,7994
26/11/2020,53,17.9,4700,4718
26/11/2020,952,25.8,7800,7835
26/11/2020,311,9.6,3800,2947
26/11/2020,402,20.2,8000,7446
26/11/2020,63,22.6,8000,8042
26/11/2020,177,12.4,4100,2732
26/11/2020,386,10.7,4200,4158
26/11/2020,208,8.7,3500,3286
26/11/2020,511,10.8,7400,6960
26/11/2020,516,24.1,8000,6580
26/11/2020,604,12.7,5000,4129
26/11/2020,968,15.7,4500,3935
26/11/2020,300,8.4,4000,2959
26/11/2020,487,18.1,5500,4817
26/11/2020,312,13.6,4500,3971
26/11/2020,497,18.9,8000,4949
26/11/2020,383,18.1,4500,4043
26/11/2020,26,20.8,5900,5982
26/11/2020,581,9.9,4000,3700
26/11/2020,355,16.2,4500,4391
26/11/2020,557,15.5,9000,6631
26/11/2020,169,51.7,11400,11405
26/11/2020,523,20.3,8000,7876
27/11/2020,356,22.0,5800,5793
27/11/2020,56,11.8,4000,3036
27/11/2020,390,18.9,4600,4568
27/11/2020,382,14.3,4200,3855
27/11/2020,83,12.1,8000,6840
27/11/2020,402,26.5,8000,7206
27/11/2020,443,18.9,8000,8077
27/11/2020,355,17.6,4400,4347
27/11/2020,370,20.0,5000,4993
27/11/2020,347,11.9,3900,2706
27/11/2020,973,16.9,4300,4017
27/11/2020,63,23.7,8000,7945
27/11/2020,53,14.2,4600,4617
27/11/2020,952,27.3,8000,7948
27/11/2020,968,16.2,4400,4331
27/11/2020,353,19.7,4300,4301
27/11/2020,60,7.3,3900,1928
27/11/2020,57,15.4,8000,6502
27/11/2020,383,18.2,4500,4476
27/11/2020,350,19.9,4800,4851
27/11/2020,447,27.2,7600,7604
27/11/2020,26,24.6,5800,5721
27/11/2020,348,31.4,7400,7350
27/11/2020,386,16.8,4200,4264
27/11/2020,358,17.8,4700,4695
27/11/2020,208,8.7,3600,3415
27/11/2020,516,15.8,8000,6403
27/11/2020,211,9.4,3900,2655
27/11/2020,584,13.7,8000,5622
27/11/2020,311,9.7,3800,3506
27/11/2020,337,36.5,8000,8023
27/11/2020,604,11.1,5000,3293
27/11/2020,169,47.5,11600,11570
27/11/2020,519,27.1,6200,6175
27/11/2020,557,14.6,9000,8531
27/11/2020,300,11.3,4000,3967
27/11/2020,166,23.2,5500,5427
27/11/2020,254,25.8,4300,3828
27/11/2020,523,22.0,8000,7391
27/11/2020,307,27.8,8000,8045
27/11/2020,581,10.6,4000,3552
27/11/2020,595,4.0,4000,3868
27/11/2020,503,4.7,8000,3945
27/11/2020,177,12.9,4200,2536
27/11/2020,493,21.8,8000,7947
27/11/2020,319,17.9,4600,3893
27/11/2020,497,22.4,8000,7964
27/11/2020,317,11.1,4000,3194
27/11/2020,195,5.4,2000,1310
27/11/2020,312,18.7,4500,4393
27/11/2020,487,22.9,5400,4935
27/11/2020,511,11.1,7400,6294
27/11/2020,586,9.8,5000,2922
27/11/2020,600,17.0,9000,7448
27/11/2020,504,18.0,8000,6905
27/11/2020,479,19.8,8000,7733
27/11/2020,281,33.9,8000,7909
27/11/2020,539,28.5,8000,7993
27/11/2020,532,16.6,4300,4395
27/11/2020,531,12.2,4000,3783
27/11/2020,468,16.7,8000,5634
27/11/2020,278,25.4,4000,4055
27/11/2020,297,13.5,4000,2941
27/11/2020,535,27.2,8000,6227
27/11/2020,524,21.7,8000,7870
28/11/2020,535,28.5,8000,6804
28/11/2020,57,15.6,8000,6060
28/11/2020,56,14.1,4000,3069
28/11/2020,63,21.9,8000,8008
28/11/2020,195,3.9,2000,1200
28/11/2020,531,12.6,3900,3851
28/11/2020,312,16.5,4500,3762
28/11/2020,504,15.6,8000,5899
28/11/2020,370,14.8,4900,4948
28/11/2020,355,18.4,4500,4525
28/11/2020,532,16.8,4400,4434
28/11/2020,319,14.7,4500,2899
28/11/2020,281,32.0,8000,7242
28/11/2020,973,16.3,4300,2758
28/11/2020,60,3.5,3900,2359
28/11/2020,356,22.7,5800,5776
28/11/2020,390,17.0,4600,4498
28/11/2020,539,27.7,8000,8066
28/11/2020,503,5.1,8000,4032
28/11/2020,497,18.1,8000,7975
28/11/2020,317,4.6,3900,1465
28/11/2020,581,4.3,4000,1794
28/11/2020,383,17.3,4500,4493
28/11/2020,519,24.6,6200,6179
28/11/2020,211,9.1,3900,2338
28/11/2020,307,27.4,8000,7996
28/11/2020,254,25.9,4400,4337
28/11/2020,524,19.3,8000,7281
28/11/2020,382,5.5,4200,1696
28/11/2020,300,11.7,3900,3067
28/11/2020,523,22.7,8000,7372
28/11/2020,26,22.9,5700,5686
28/11/2020,968,16.5,4400,4052
28/11/2020,297,11.6,4000,2800
28/11/2020,557,16.6,9000,9033
28/11/2020,278,25.9,4000,3965
28/11/2020,53,17.2,4700,4675
28/11/2020,952,28.2,8000,8030
28/11/2020,586,9.6,5000,4061
28/11/2020,358,18.7,4700,4741
28/11/2020,311,10.5,3800,2929
28/11/2020,511,10.8,7400,7331
28/11/2020,208,9.4,3500,2903
28/11/2020,584,16.3,8000,5631
28/11/2020,516,22.6,8000,8027
28/11/2020,386,17.1,4100,4093
28/11/2020,604,10.8,5000,3680
28/11/2020,169,48.6,11700,11677
28/11/2020,468,16.8,8000,7178
28/11/2020,337,36.4,8000,8013
28/11/2020,443,19.6,8000,7786
28/11/2020,353,19.7,4400,4387
28/11/2020,600,15.1,9000,8885
28/11/2020,487,18.8,5500,5239
28/11/2020,83,12.6,8000,7967
28/11/2020,166,18.0,5400,5448
28/11/2020,479,20.2,8000,7265
28/11/2020,348,33.9,7300,7301
28/11/2020,350,18.3,4800,4771
28/11/2020,447,27.1,7800,6381
28/11/2020,493,22.9,8000,7901
28/11/2020,347,11.2,3900,2822
28/11/2020,402,26.9,8000,7963
28/11/2020,177,13.0,4100,3082
29/11/2020,300,11.8,3900,3164
29/11/2020,447,30.2,8000,9383
29/11/2020,557,17.2,9000,8966
29/11/2020,523,23.8,8000,7556
29/11/2020,497,20.0,8000,7930
29/11/2020,26,24.8,5700,5639
29/11/2020,355,18.5,4500,4467
29/11/2020,519,28.7,6100,6135
29/11/2020,307,32.2,8000,7990
29/11/2020,83,14.0,8000,7990
29/11/2020,383,18.5,4500,3919
29/11/2020,319,17.9,4500,3831
29/11/2020,535,28.4,8000,7165
29/11/2020,166,29.3,5400,5437
29/11/2020,531,12.6,4000,4067
29/11/2020,493,22.0,8000,7292
29/11/2020,348,34.8,7200,7215
29/11/2020,63,24.2,8000,8012
29/11/2020,297,12.8,4000,2780
29/11/2020,370,21.8,4900,4828
29/11/2020,479,20.6,8000,7125
29/11/2020,254,28.0,4500,4526
29/11/2020,402,27.1,8000,7994
29/11/2020,350,20.1,4600,4633
29/11/2020,347,11.7,3900,1776
29/11/2020,278,26.5,4000,3991
29/11/2020,524,20.6,8000,7178
29/11/2020,968,16.9,4400,3905
29/11/2020,56,11.6,4100,3550
29/11/2020,504,16.5,8000,6870
29/11/2020,312,17.5,4500,4024
29/11/2020,177,14.6,4100,3880
29/11/2020,539,29.6,8000,7982
29/11/2020,358,19.1,4600,4571
29/11/2020,487,25.4,5400,5393
29/11/2020,356,23.1,5600,5595
29/11/2020,390,17.4,4600,4562
29/11/2020,973,16.0,4400,3564
29/11/2020,57,3.1,8000,2033
29/11/2020,353,20.3,4500,4442
29/11/2020,532,16.4,4500,4639
29/11/2020,600,16.6,9000,8608
29/11/2020,503,5.9,8000,5433
29/11/2020,516,21.8,8000,7972
29/11/2020,443,20.3,8000,7640
29/11/2020,281,33.7,8000,7877
29/11/2020,386,17.0,4100,4120
29/11/2020,584,16.1,8000,5178
29/11/2020,468,18.9,8000,7181
29/11/2020,208,10.6,3600,3562
29/11/2020,337,40.8,8000,7969
29/11/2020,511,11.5,7400,7422
29/11/2020,169,50.1,11700,11358
29/11/2020,952,29.3,8000,7986
29/11/2020,311,10.3,3800,3272
29/11/2020,53,17.9,4600,4516
30/11/2020,973,17.8,4300,4004
30/11/2020,468,17.0,8000,7643
30/11/2020,535,30.5,8000,7454
30/11/2020,539,28.8,8000,7984
30/11/2020,531,12.8,3900,3877
30/11/2020,532,15.4,4700,4726
30/11/2020,504,16.2,8000,7843
30/11/2020,487,22.7,5300,5347
30/11/2020,390,18.3,4600,4527
30/11/2020,600,19.8,9000,8939
30/11/2020,952,30.8,8000,8003
30/11/2020,511,12.7,7400,7406
30/11/2020,497,20.5,8000,7656
30/11/2020,402,28.2,8000,7817
30/11/2020,493,22.0,8000,8057
30/11/2020,503,6.1,8000,6353
30/11/2020,968,17.2,4400,3779
30/11/2020,523,23.6,8000,7194
30/11/2020,447,30.7,8000,7963
30/11/2020,479,21.6,8000,8024
30/11/2020,524,22.2,8000,8048
30/11/2020,584,16.5,8000,7349
30/11/2020,516,22.1,8000,7654
30/11/2020,443,22.0,8000,7959
30/11/2020,386,18.0,4200,4183
30/11/2020,557,16.5,9000,8981
30/11/2020,383,18.7,4500,4131
30/11/2020,519,29.1,6100,5975
30/11/2020,370,19.2,4800,4827
30/11/2020,26,26.8,5600,5603
30/11/2020,358,17.8,4600,4601
30/11/2020,356,24.6,5500,5553
30/11/2020,53,19.5,4600,4505
30/11/2020,208,10.9,3600,3534
30/11/2020,281,26.5,8000,7634
30/11/2020,63,23.9,8000,7976
30/11/2020,347,9.8,3900,2947
30/11/2020,177,14.9,4100,3889
30/11/2020,169,52.8,11800,11812
30/11/2020,348,35.8,7300,7332
30/11/2020,312,19.3,4500,4505
30/11/2020,311,11.1,3800,3759
30/11/2020,350,17.3,4700,4679
30/11/2020,319,18.5,4500,4246
30/11/2020,355,19.1,4500,4531
30/11/2020,166,26.6,5200,5188
30/11/2020,56,15.1,4100,3464
30/11/2020,297,12.0,4000,3044
30/11/2020,300,12.0,3900,3268
30/11/2020,307,29.7,8000,7975
30/11/2020,353,22.3,4700,4622
30/11/2020,83,13.6,8000,7978
30/11/2020,337,28.3,8000,8051
30/11/2020,278,28.2,4000,4002
30/11/2020,254,27.7,4700,4425
01/12/2020,83,14.8,8000,8010
01/12/2020,531,12.3,4000,3989
01/12/2020,177,13.6,4100,3953
01/12/2020,557,16.4,9000,8800
01/12/2020,516,11.4,8000,7000
01/12/2020,479,19.0,8000,8059
01/12/2020,532,18.6,4900,4929
01/12/2020,503,6.6,8000,3987
01/12/2020,443,20.2,8000,8032
01/12/2020,26,23.7,5700,5721
01/12/2020,355,17.6,4500,4524
01/12/2020,386,15.5,4200,4151
01/12/2020,524,21.7,8000,7968
01/12/2020,347,11.2,3900,3910
01/12/2020,356,22.6,5500,5454
01/12/2020,952,29.1,8000,7965
01/12/2020,353,24.4,4900,4921
01/12/2020,53,18.4,4600,4392
01/12/2020,337,44.2,8000,7940
01/12/2020,519,26.7,6100,5959
01/12/2020,390,17.2,4500,4536
01/12/2020,307,29.4,8000,7976
01/12/2020,166,23.1,5500,5355
01/12/2020,358,19.0,4600,4565
01/12/2020,973,17.6,4300,4196
01/12/2020,493,16.9,8000,7961
01/12/2020,278,24.8,4000,3995
01/12/2020,539,27.4,8000,7989
01/12/2020,523,22.2,8000,6574
01/12/2020,447,27.5,8000,8022
01/12/2020,208,11.2,3600,3611
01/12/2020,600,18.7,9000,8923
01/12/2020,300,11.9,3900,3279
01/12/2020,312,18.7,4500,4446
01/12/2020,370,17.7,4700,4671
01/12/2020,319,18.1,4600,4180
01/12/2020,348,33.7,7400,7342
01/12/2020,504,16.4,8000,6922
01/12/2020,169,52.6,11900,11872
01/12/2020,584,15.8,8000,6279
01/12/2020,281,28.4,8000,8027
01/12/2020,297,12.1,4000,3074
01/12/2020,383,17.0,4500,4219
01/12/2020,63,22.7,8000,7992
01/12/2020,402,24.4,8000,7359
01/12/2020,56,13.5,4100,3786
01/12/2020,350,21.7,4700,4679
01/12/2020,311,10.5,3800,3402
01/12/2020,468,16.4,8000,6486
01/12/2020,968,16.1,4400,3800
01/12/2020,254,26.5,4900,4518
01/12/2020,497,18.6,8000,7563
01/12/2020,487,20.5,5300,5258
01/12/2020,535,30.0,8000,7827
01/12/2020,511,11.5,7400,7388
02/12/2020,497,21.8,8000,7967
02/12/2020,402,29.6,8000,7789
02/12/2020,300,12.5,3900,2664
02/12/2020,523,23.1,8000,5295
02/12/2020,83,15.2,8000,7974
02/12/2020,519,28.9,6500,6376
02/12/2020,311,8.1,3800,2323
02/12/2020,350,21.3,4700,4740
02/12/2020,447,31.9,8000,8005
02/12/2020,254,30.3,5100,5071
02/12/2020,63,24.4,8000,7990
02/12/2020,511,12.2,7400,7453
02/12/2020,600,15.7,9000,8140
02/12/2020,370,20.0,4800,4830
02/12/2020,169,49.5,12000,10268
02/12/2020,504,15.6,8000,6474
02/12/2020,348,34.4,7500,7518
02/12/2020,312,17.4,4500,4113
02/12/2020,503,6.0,8000,4015
02/12/2020,353,23.9,5100,5086
02/12/2020,307,29.1,8000,8048
02/12/2020,973,18.0,4400,4136
02/12/2020,443,18.5,8000,7967
02/12/2020,177,14.2,4200,3845
02/12/2020,347,11.7,3900,3831
02/12/2020,516,27.3,8000,7391
02/12/2020,26,25.5,5700,5701
02/12/2020,971,8.5,4000,3108
02/12/2020,532,16.6,5100,5113
02/12/2020,281,27.3,8000,7924
02/12/2020,383,13.7,4500,4512
02/12/2020,479,21.6,8000,7890
02/12/2020,358,17.9,4600,4596
02/12/2020,531,12.8,4000,3984
02/12/2020,386,17.1,4300,4319
02/12/2020,557,16.1,9000,4985
02/12/2020,278,23.3,4000,3341
02/12/2020,539,28.8,8000,7957
02/12/2020,487,25.1,5300,5295
02/12/2020,968,16.0,4400,3190
02/12/2020,535,27.2,8000,7313
02/12/2020,584,17.8,8000,6313
02/12/2020,208,11.7,3700,3547
02/12/2020,53,19.1,4600,4274
02/12/2020,468,17.9,8000,7230
02/12/2020,297,12.3,4000,2461
02/12/2020,356,24.3,5500,5504
02/12/2020,259,9.0,3600,3298
02/12/2020,390,18.8,4500,4449
02/12/2020,524,17.7,8000,7690
02/12/2020,166,25.5,5400,5424
02/12/2020,355,18.4,4500,4435
02/12/2020,337,41.5,8000,8056
02/12/2020,56,12.8,4100,3261
02/12/2020,319,20.6,4600,4587
02/12/2020,952,30.1,8000,8043
02/12/2020,493,23.7,8000,8047
03/12/2020,487,23.8,5300,5264
03/12/2020,83,15.4,8000,8022
03/12/2020,319,19.8,4600,4367
03/12/2020,497,20.0,8000,7357
03/12/2020,468,16.4,8000,7518
03/12/2020,493,21.6,8000,7714
03/12/2020,337,39.4,8000,7935
03/12/2020,479,18.1,8000,7621
03/12/2020,347,12.5,3900,3883
03/12/2020,166,22.0,5400,5340
03/12/2020,503,5.9,8000,6911
03/12/2020,348,35.0,7500,7518
03/12/2020,531,11.1,4000,4027
03/12/2020,358,17.8,4600,4643
03/12/2020,281,28.3,8000,7979
03/12/2020,386,16.8,4300,4343
03/12/2020,26,23.0,5700,5712
03/12/2020,532,19.2,5300,5432
03/12/2020,53,18.5,4600,4649
03/12/2020,297,10.9,4000,2279
03/12/2020,524,20.2,8000,7718
03/12/2020,355,17.7,4600,4637
03/12/2020,952,29.4,8000,7938
03/12/2020,390,18.4,4600,4644
03/12/2020,356,24.4,5500,5530
03/12/2020,557,13.7,9000,8696
03/12/2020,971,15.2,4100,4125
03/12/2020,240,15.7,3400,2212
03/12/2020,973,15.8,4500,4387
03/12/2020,370,19.6,4700,4732
03/12/2020,254,29.7,5300,5257
03/12/2020,259,15.5,3800,2929
03/12/2020,584,15.8,8000,6585
03/12/2020,968,13.5,4400,3617
03/12/2020,208,10.3,3700,3668
03/12/2020,383,18.2,4500,4486
03/12/2020,535,15.4,8000,4852
03/12/2020,278,21.0,4000,3791
03/12/2020,539,27.3,8000,8006
03/12/2020,516,19.7,8000,7508
03/12/2020,177,13.2,4200,3013
03/12/2020,519,26.8,6400,6425
03/12/2020,307,29.3,8000,7968
03/12/2020,353,20.6,5300,5379
03/12/2020,443,20.7,8000,7784
03/12/2020,600,12.7,9000,5103
03/12/2020,312,17.8,4500,3931
03/12/2020,504,14.8,8000,6202
03/12/2020,169,43.2,12200,10691
03/12/2020,447,35.1,8000,7977
03/12/2020,63,20.3,8000,8059
03/12/2020,350,20.4,4700,4663
03/12/2020,311,9.7,3800,3728
03/12/2020,511,11.6,7400,7348
03/12/2020,402,25.1,8000,8052
03/12/2020,300,11.5,3900,3581
03/12/2020,523,23.0,8000,7807
03/12/2020,56,15.3,4100,3276
04/12/2020,511,11.7,7400,7461
04/12/2020,278,24.9,4000,4028
04/12/2020,487,20.4,5300,5346
04/12/2020,539,30.0,8000,7999
04/12/2020,503,6.5,8000,6376
04/12/2020,504,16.4,8000,7800
04/12/2020,254,30.6,5500,4817
04/12/2020,312,16.6,4600,4376
04/12/2020,297,11.5,4000,2523
04/12/2020,169,46.2,12200,9824
04/12/2020,557,8.3,9000,5540
04/12/2020,524,20.2,8000,7972
04/12/2020,311,9.4,3800,3671
04/12/2020,523,23.2,8000,5415
04/12/2020,240,27.1,3600,3433
04/12/2020,600,1.2,9000,570
04/12/2020,259,17.9,4000,2987
04/12/2020,319,20.8,4600,4351
04/12/2020,300,13.2,3900,2858
04/12/2020,307,27.3,8000,8040
04/12/2020,493,20.6,8000,6571
04/12/2020,532,16.9,5500,5505
04/12/2020,531,9.6,4000,3980
04/12/2020,519,27.4,6600,6244
04/12/2020,497,20.3,8000,6865
04/12/2020,584,15.8,8000,4971
04/12/2020,535,20.5,8000,7649
04/12/2020,208,10.7,3700,3369
04/12/2020,177,11.3,4200,1942
04/12/2020,281,29.2,8000,7679
04/12/2020,166,24.5,5600,5524
04/12/2020,516,21.8,8000,6098
04/12/2020,353,22.9,5500,4804
04/12/2020,383,15.2,4500,2975
04/12/2020,968,15.0,4400,3616
04/12/2020,468,15.6,8000,5657
04/12/2020,56,13.4,4100,4026
04/12/2020,479,21.4,8000,7927
04/12/2020,402,27.0,8000,7151
04/12/2020,347,13.5,3900,3085
04/12/2020,447,28.8,8000,8045
04/12/2020,348,35.2,7900,7952
04/12/2020,443,19.2,8000,7959
04/12/2020,63,23.4,8000,7205
04/12/2020,971,16.1,4200,4165
04/12/2020,83,14.0,8000,7975
04/12/2020,350,18.2,4700,4707
04/12/2020,53,18.8,4600,4239
04/12/2020,358,17.8,4600,4612
04/12/2020,370,20.9,4700,4714
04/12/2020,973,13.2,4500,2717
04/12/2020,390,17.1,4600,4602
04/12/2020,355,18.1,4600,4585
04/12/2020,952,30.0,8000,8029
04/12/2020,356,24.7,5500,5500
04/12/2020,386,18.3,4300,4136
04/12/2020,337,34.3,8000,8013
04/12/2020,26,24.6,5800,4957
05/12/2020,511,12.1,7400,7373
05/12/2020,443,20.2,8000,8026
05/12/2020,952,32.5,8000,8021
05/12/2020,63,21.9,8000,6592
05/12/2020,504,10.1,8000,7074
05/12/2020,531,13.4,4000,4028
05/12/2020,348,36.5,8100,8026
05/12/2020,312,16.5,4600,4594
05/12/2020,26,22.7,5800,5247
05/12/2020,311,9.7,3900,2959
05/12/2020,350,23.8,4800,4743
05/12/2020,169,46.0,12200,11692
05/12/2020,358,18.7,4600,4556
05/12/2020,447,25.4,8000,6228
05/12/2020,539,27.1,8000,8020
05/12/2020,402,24.9,8000,7645
05/12/2020,532,17.4,5600,5631
05/12/2020,524,22.3,8000,8054
05/12/2020,383,14.2,4500,3796
05/12/2020,53,17.7,4600,3806
05/12/2020,300,11.4,3900,3200
05/12/2020,297,11.8,4000,3185
05/12/2020,355,18.8,4600,4451
05/12/2020,523,20.0,8000,6063
05/12/2020,281,28.5,8000,7147
05/12/2020,56,15.5,4100,2967
05/12/2020,968,14.5,4300,3558
05/12/2020,177,9.6,4200,3212
05/12/2020,386,15.8,4400,3326
05/12/2020,584,15.5,8000,3257
05/12/2020,390,17.0,4600,4618
05/12/2020,356,24.5,5500,5476
05/12/2020,516,20.1,8000,6489
05/12/2020,208,10.9,3800,3342
05/12/2020,535,21.1,8000,6266
05/12/2020,519,26.9,6500,5875
05/12/2020,307,27.9,8000,7978
05/12/2020,353,22.5,5600,4782
05/12/2020,973,14.9,4500,3386
05/12/2020,166,22.3,5700,5241
05/12/2020,347,13.4,3900,2778
05/12/2020,487,12.4,5300,5269
05/12/2020,83,14.7,8000,8006
05/12/2020,557,13.1,9000,6013
05/12/2020,971,17.9,4300,4280
05/12/2020,319,21.1,4600,4569
05/12/2020,497,18.9,8000,3488
05/12/2020,468,16.8,8000,6631
05/12/2020,493,21.2,8000,7833
05/12/2020,370,20.3,4700,4637
05/12/2020,503,5.5,8000,6404
05/12/2020,479,20.1,8000,7848
05/12/2020,259,19.4,4100,3385
05/12/2020,254,30.4,5600,5483
05/12/2020,240,30.7,3800,3795
05/12/2020,337,40.0,8000,8047
05/12/2020,278,26.3,4000,3999
06/12/2020,297,12.8,4000,3222
06/12/2020,383,20.3,4500,4209
06/12/2020,281,29.2,8000,7829
06/12/2020,523,24.4,8000,6713
06/12/2020,479,20.9,8000,7685
06/12/2020,56,13.9,4100,2973
06/12/2020,300,11.0,4000,3992
06/12/2020,402,23.6,8000,7822
06/12/2020,337,44.1,8000,7953
06/12/2020,952,31.3,8000,7994
06/12/2020,370,19.9,4700,4757
06/12/2020,531,12.6,4000,3987
06/12/2020,358,19.1,4600,4582
06/12/2020,254,33.1,5700,5569
06/12/2020,26,26.2,5800,5410
06/12/2020,386,18.0,4500,3601
06/12/2020,532,20.9,5700,5734
06/12/2020,53,20.3,4600,4568
06/12/2020,355,18.7,4600,4253
06/12/2020,524,21.1,8000,8009
06/12/2020,390,16.9,4600,4597
06/12/2020,973,4.2,4500,1208
06/12/2020,356,25.0,5500,5457
06/12/2020,487,21.3,5300,4764
06/12/2020,511,11.7,7400,7382
06/12/2020,166,26.7,5500,5499
06/12/2020,63,22.3,8000,7782
06/12/2020,311,10.3,3800,2657
06/12/2020,350,21.7,4700,4697
06/12/2020,443,21.1,8000,7758
06/12/2020,557,12.3,9000,4895
06/12/2020,83,15.4,8000,8038
06/12/2020,497,16.1,8000,7907
06/12/2020,348,34.2,8200,8193
06/12/2020,278,25.6,4000,3986
06/12/2020,312,17.9,4500,4545
06/12/2020,539,27.8,8000,7998
06/12/2020,347,12.1,4000,1656
06/12/2020,447,31.5,8000,8003
06/12/2020,504,18.3,8000,7936
06/12/2020,169,49.4,12200,11906
06/12/2020,584,14.9,8000,5723
06/12/2020,968,15.8,4400,3963
06/12/2020,177,13.5,4100,3742
06/12/2020,971,20.8,4400,4438
06/12/2020,353,21.7,5700,4926
06/12/2020,307,30.6,8000,7945
06/12/2020,519,30.3,6600,6473
06/12/2020,535,17.5,8000,6058
06/12/2020,493,23.4,8000,7982
06/12/2020,240,34.2,4000,3995
06/12/2020,319,22.3,4600,4578
06/12/2020,516,21.6,8000,5694
06/12/2020,259,21.0,4200,3991
06/12/2020,468,17.6,8000,6658
06/12/2020,208,1.0,3800,327
07/12/2020,259,20.9,4300,4150
07/12/2020,535,20.2,8000,4929
07/12/2020,278,26.0,4000,3980
07/12/2020,26,25.0,5800,5790
07/12/2020,383,17.5,4500,4183
07/12/2020,254,31.5,5800,5773
07/12/2020,240,34.8,4100,4142
07/12/2020,968,15.7,4400,3913
07/12/2020,557,12.0,9000,4539
07/12/2020,532,15.8,5800,5815
07/12/2020,971,21.9,4500,4510
07/12/2020,584,16.5,8000,6117
07/12/2020,386,17.1,4500,4004
07/12/2020,370,19.7,4700,4645
07/12/2020,539,26.8,8000,7981
07/12/2020,281,28.6,8000,8025
07/12/2020,348,26.4,8300,7810
07/12/2020,312,17.3,4500,4500
07/12/2020,169,43.4,12000,11990
07/12/2020,504,15.0,8000,6112
07/12/2020,347,10.7,4000,2343
07/12/2020,443,19.6,8000,7403
07/12/2020,177,12.8,4100,3291
07/12/2020,516,19.2,8000,6979
07/12/2020,350,18.7,4800,4850
07/12/2020,311,8.7,3800,2870
07/12/2020,447,30.6,8000,8013
07/12/2020,63,23.0,8000,7938
07/12/2020,511,11.2,7400,7367
07/12/2020,337,38.6,8000,7744
07/12/2020,487,19.7,5200,4457
07/12/2020,319,21.0,4700,4483
07/12/2020,468,18.4,8000,8050
07/12/2020,166,22.1,5800,5169
07/12/2020,497,21.1,8000,7752
07/12/2020,83,14.9,8000,8007
07/12/2020,479,20.4,8000,7480
07/12/2020,493,22.3,8000,8029
07/12/2020,300,11.1,4000,3863
07/12/2020,523,22.7,8000,6350
07/12/2020,355,18.0,4600,4243
07/12/2020,297,13.6,4000,2791
07/12/2020,402,30.9,8000,7923
07/12/2020,952,29.1,8000,7946
07/12/2020,56,16.2,4200,3323
07/12/2020,356,23.2,5700,5719
07/12/2020,390,17.9,4600,4618
07/12/2020,307,29.9,8000,8009
07/12/2020,353,25.1,5800,5792
07/12/2020,53,18.4,4600,4134
07/12/2020,531,12.0,4000,4010
07/12/2020,358,18.9,4600,4632
07/12/2020,519,27.6,6500,6208
07/12/2020,524,20.7,8000,7712
08/12/2020,971,22.0,4700,4673
08/12/2020,26,27.3,5800,5801
08/12/2020,952,30.7,8000,8031
08/12/2020,240,36.4,4200,4202
08/12/2020,63,23.2,8000,7781
08/12/2020,169,44.2,12000,12002
08/12/2020,968,16.0,4400,3892
08/12/2020,177,12.2,4100,3567
08/12/2020,166,25.5,5800,5720
08/12/2020,53,20.4,4600,4662
08/12/2020,557,11.8,9000,4494
08/12/2020,83,15.3,8000,7983
08/12/2020,56,11.6,4200,2636
08/12/2020,584,17.1,8000,4885
08/12/2020,532,23.8,5900,5892
08/12/2020,348,36.2,8500,8488
08/12/2020,355,19.1,4600,4592
08/12/2020,539,29.2,8000,7998
08/12/2020,447,32.2,8000,8020
08/12/2020,347,11.3,4000,3708
08/12/2020,523,24.7,8000,7927
08/12/2020,390,19.6,4600,4573
08/12/2020,493,19.9,8000,7501
08/12/2020,278,27.9,4000,4032
08/12/2020,300,14.2,4000,3229
08/12/2020,319,20.1,4800,4769
08/12/2020,497,21.9,8000,7931
08/12/2020,311,10.3,3800,3796
08/12/2020,511,11.2,7400,7466
08/12/2020,402,28.3,8000,8044
08/12/2020,516,23.5,8000,8011
08/12/2020,353,25.0,5900,5831
08/12/2020,281,32.1,8000,7976
08/12/2020,535,22.2,8000,5952
08/12/2020,519,30.3,6700,6615
08/12/2020,312,18.7,4600,4593
08/12/2020,350,21.4,4800,4768
08/12/2020,383,19.8,4500,3951
08/12/2020,504,16.1,8000,7086
08/12/2020,307,27.4,8000,8048
08/12/2020,443,20.9,8000,7975
08/12/2020,356,25.0,5800,5806
08/12/2020,487,23.7,5300,5247
08/12/2020,386,17.6,4500,4504
08/12/2020,479,21.7,8000,7754
08/12/2020,370,21.8,4800,4842
08/12/2020,337,35.5,8000,7010
08/12/2020,254,31.6,5900,5868
08/12/2020,531,12.8,4000,3996
08/12/2020,358,17.8,4600,4313
08/12/2020,468,19.4,8000,7839
08/12/2020,524,21.8,8000,7992
08/12/2020,259,21.9,4400,4218
08/12/2020,297,12.5,4000,2872
09/12/2020,358,18.2,4600,4566
09/12/2020,402,29.4,8000,8017
09/12/2020,297,11.9,4000,3314
09/12/2020,53,19.3,4700,4494
09/12/2020,26,24.6,6000,5822
09/12/2020,177,13.8,4100,3356
09/12/2020,390,18.8,4600,4562
09/12/2020,356,23.5,5800,5783
09/12/2020,516,22.8,8000,7858
09/12/2020,300,14.0,4000,3838
09/12/2020,56,15.4,4200,3023
09/12/2020,355,18.9,4600,4670
09/12/2020,307,27.3,8000,7987
09/12/2020,523,24.3,8000,7687
09/12/2020,524,21.8,8000,7998
09/12/2020,952,29.3,8000,8031
09/12/2020,519,29.4,6700,6298
09/12/2020,83,13.2,8000,7999
09/12/2020,468,18.6,8000,7418
09/12/2020,347,12.9,4000,4014
09/12/2020,493,24.2,8000,7995
09/12/2020,337,40.7,8000,7970
09/12/2020,487,23.8,5200,5169
09/12/2020,479,19.2,8000,7925
09/12/2020,443,20.6,8000,8043
09/12/2020,169,41.7,11900,11894
09/12/2020,312,17.6,4600,4588
09/12/2020,504,15.8,8000,7664
09/12/2020,63,17.6,8000,7198
09/12/2020,353,24.5,6000,5390
09/12/2020,311,10.1,3800,3703
09/12/2020,511,10.5,7400,7370
09/12/2020,166,25.1,5800,5815
09/12/2020,348,36.0,8500,8500
09/12/2020,319,19.7,4800,4757
09/12/2020,497,20.9,8000,7601
09/12/2020,447,32.0,8000,7988
09/12/2020,350,21.7,4800,4801
09/12/2020,278,21.9,4000,3955
09/12/2020,259,22.3,4500,4526
09/12/2020,971,21.5,4900,4873
09/12/2020,240,36.2,4300,4232
09/12/2020,557,13.7,9000,5761
09/12/2020,539,25.6,8000,7151
09/12/2020,281,30.8,8000,8033
09/12/2020,584,16.7,8000,7707
09/12/2020,968,15.1,4400,2725
09/12/2020,535,23.0,8000,6783
09/12/2020,532,20.7,6000,5977
09/12/2020,383,18.7,4500,4459
09/12/2020,254,31.2,6000,5995
09/12/2020,386,17.7,4500,4469
09/12/2020,531,12.3,4000,3877
09/12/2020,370,13.9,4800,4751
10/12/2020,443,21.9,8000,7977
10/12/2020,169,45.2,11700,11703
10/12/2020,370,22.5,4800,4846
10/12/2020,504,17.6,8000,8045
10/12/2020,350,20.4,4900,4889
10/12/2020,63,21.2,8000,7150
10/12/2020,312,17.0,4600,4521
10/12/2020,254,32.3,6200,6205
10/12/2020,584,19.5,8000,7823
10/12/2020,353,24.9,6200,5544
10/12/2020,535,24.1,8000,7990
10/12/2020,968,14.0,4400,3333
10/12/2020,516,24.6,8000,7981
10/12/2020,311,11.3,3800,3577
10/12/2020,511,11.2,7400,7299
10/12/2020,337,39.6,8000,7965
10/12/2020,479,23.3,8000,7998
10/12/2020,240,37.0,4400,4424
10/12/2020,493,22.7,8000,7403
10/12/2020,557,16.5,9000,7156
10/12/2020,259,22.5,4700,4517
10/12/2020,487,24.3,5200,5171
10/12/2020,468,18.8,8000,7526
10/12/2020,971,18.9,5100,5118
10/12/2020,83,14.9,8000,7996
10/12/2020,348,34.9,8500,8389
10/12/2020,539,32.3,8000,8858
10/12/2020,447,31.1,8000,7981
10/12/2020,347,13.5,4000,3526
10/12/2020,497,22.2,8000,7997
10/12/2020,278,29.5,4000,4032
10/12/2020,166,21.8,5900,5876
10/12/2020,319,18.7,4800,4643
10/12/2020,281,30.5,8000,7926
10/12/2020,297,13.8,4000,3969
10/12/2020,358,19.7,4600,4670
10/12/2020,531,12.3,4000,4077
10/12/2020,56,11.0,4200,3322
10/12/2020,53,18.7,4700,4090
10/12/2020,952,29.4,8000,7955
10/12/2020,300,13.9,4000,3755
10/12/2020,519,27.5,6900,6287
10/12/2020,390,19.0,4600,4640
10/12/2020,524,20.2,8000,7993
10/12/2020,307,29.1,8000,7942
10/12/2020,355,20.0,4600,4546
10/12/2020,532,21.2,6200,6273
10/12/2020,356,24.4,5900,5924
10/12/2020,386,19.2,4500,4538
10/12/2020,523,24.7,8000,7441
10/12/2020,26,27.9,6000,6013
10/12/2020,402,27.5,8000,7655
10/12/2020,383,20.3,4500,4464
10/12/2020,177,13.3,4100,3095
11/12/2020,497,21.6,8000,8033
11/12/2020,278,22.0,4000,4036
11/12/2020,53,18.8,4700,4712
11/12/2020,166,23.0,5900,5924
11/12/2020,347,13.1,4000,3655
11/12/2020,358,19.7,4600,4617
11/12/2020,390,18.4,4600,4552
11/12/2020,319,15.3,4900,4181
11/12/2020,479,21.2,8000,7903
11/12/2020,259,22.6,4900,4777
11/12/2020,952,28.4,8000,8003
11/12/2020,971,20.1,5300,5216
11/12/2020,240,35.8,4500,4481
11/12/2020,468,20.1,8000,8011
11/12/2020,487,23.6,5300,5150
11/12/2020,531,12.7,4100,4043
11/12/2020,557,17.8,9000,8990
11/12/2020,297,13.8,4000,3395
11/12/2020,493,19.5,8000,7889
11/12/2020,356,23.0,5800,5801
11/12/2020,83,15.2,8000,7949
11/12/2020,524,22.9,8000,8041
11/12/2020,348,36.2,8600,8650
11/12/2020,281,29.3,8000,8012
11/12/2020,337,39.8,8000,8005
11/12/2020,26,24.0,6000,5991
11/12/2020,968,14.8,4400,3951
11/12/2020,443,20.5,8000,7848
11/12/2020,504,16.4,8000,7933
11/12/2020,56,14.9,4200,3496
11/12/2020,519,29.1,6900,6922
11/12/2020,169,43.6,11500,11496
11/12/2020,311,9.8,3800,3551
11/12/2020,584,18.3,8000,7410
11/12/2020,254,32.6,6400,6363
11/12/2020,177,13.5,4100,3870
11/12/2020,353,25.9,6400,6245
11/12/2020,402,28.2,8000,7795
11/12/2020,307,29.8,8000,8050
11/12/2020,511,11.2,7400,7459
11/12/2020,535,25.3,8000,7413
11/12/2020,447,33.7,8000,8047
11/12/2020,355,19.6,4600,4607
11/12/2020,539,28.2,8000,8031
11/12/2020,300,13.8,4000,3872
11/12/2020,523,24.1,8000,7997
11/12/2020,516,23.4,8000,7388
11/12/2020,386,17.5,4500,4504
11/12/2020,63,20.4,8000,8030
11/12/2020,312,17.7,4600,4592
11/12/2020,532,23.0,6400,6348
11/12/2020,383,19.1,4600,4630
11/12/2020,350,19.8,5000,4975
11/12/2020,370,22.0,4800,4788
12/12/2020,386,19.5,4500,4477
12/12/2020,370,23.3,4800,4734
12/12/2020,26,27.7,6100,5147
12/12/2020,358,19.6,4700,4658
12/12/2020,479,22.1,8000,7879
12/12/2020,63,24.5,8000,7901
12/12/2020,56,14.1,4200,3562
12/12/2020,443,20.4,8000,7583
12/12/2020,348,38.1,8500,8491
12/12/2020,350,15.8,5100,5151
12/12/2020,447,27.7,8000,7946
12/12/2020,353,25.6,6600,6563
12/12/2020,968,17.7,4300,3837
12/12/2020,402,29.2,8000,8043
12/12/2020,83,14.1,8000,8065
12/12/2020,952,28.9,8000,8028
12/12/2020,356,24.5,5900,5818
12/12/2020,383,17.9,4600,4430
12/12/2020,468,20.3,8000,8041
12/12/2020,971,21.8,5500,5557
12/12/2020,53,19.5,4700,4666
12/12/2020,390,19.8,4600,4595
12/12/2020,355,20.0,4600,4613
12/12/2020,347,14.4,4000,3827
12/12/2020,319,21.6,4900,4632
12/12/2020,516,24.5,8000,7590
12/12/2020,532,23.3,6600,6632
12/12/2020,281,33.0,8000,8034
12/12/2020,535,26.6,8000,8001
12/12/2020,487,22.8,5300,5332
12/12/2020,584,19.6,8000,7783
12/12/2020,531,13.3,4000,4078
12/12/2020,307,30.5,8000,8011
12/12/2020,519,29.9,6800,6749
12/12/2020,166,28.7,5700,5722
12/12/2020,177,14.7,4100,3353
12/12/2020,497,22.2,8000,8003
12/12/2020,337,41.3,8000,7988
12/12/2020,240,39.4,4700,4657
12/12/2020,259,22.5,5100,4465
12/12/2020,557,12.2,9000,4930
12/12/2020,254,33.3,6600,6554
12/12/2020,312,18.4,4600,4621
12/12/2020,504,17.8,8000,8013
12/12/2020,169,42.8,11300,11323
12/12/2020,493,25.9,8000,7846
12/12/2020,297,13.1,4000,3630
12/12/2020,539,30.5,8000,7976
12/12/2020,523,25.6,8000,7669
12/12/2020,300,13.6,4100,3331
12/12/2020,511,11.4,7400,7354
12/12/2020,278,29.3,4000,3926
12/12/2020,311,11.7,3800,3183
12/12/2020,524,22.3,8000,7969
13/12/2020,53,18.4,4700,4711
13/12/2020,300,10.5,4100,3639
13/12/2020,355,18.4,4700,4705
13/12/2020,523,23.6,8000,8051
13/12/2020,511,11.5,7400,7381
13/12/2020,311,9.8,3800,3661
13/12/2020,504,15.9,8000,7742
13/12/2020,443,20.1,8000,8055
13/12/2020,350,22.5,5000,4966
13/12/2020,169,38.5,11100,11048
13/12/2020,307,29.2,8000,7964
13/12/2020,56,12.0,4200,3854
13/12/2020,519,27.8,6900,6938
13/12/2020,177,14.4,4100,3810
13/12/2020,353,25.3,6800,6793
13/12/2020,402,26.4,8000,7835
13/12/2020,516,22.5,8000,7354
13/12/2020,297,13.2,4100,2962
13/12/2020,539,27.8,8000,7972
13/12/2020,278,25.8,4000,4081
13/12/2020,584,6.5,8000,5342
13/12/2020,968,16.9,4300,3870
13/12/2020,535,25.6,8000,7588
13/12/2020,240,37.7,4900,4912
13/12/2020,370,20.3,4900,4947
13/12/2020,254,32.1,6800,6823
13/12/2020,259,22.1,5300,4072
13/12/2020,557,11.1,9000,5759
13/12/2020,971,20.3,5600,5557
13/12/2020,386,17.0,4600,4631
13/12/2020,358,18.0,4600,4585
13/12/2020,390,18.3,4600,4647
13/12/2020,524,19.9,8000,7976
13/12/2020,952,26.3,8000,7967
13/12/2020,356,18.5,5800,5828
13/12/2020,281,31.2,8000,8012
13/12/2020,532,21.9,6800,6861
13/12/2020,383,19.1,4600,4580
13/12/2020,26,22.4,6100,4655
13/12/2020,531,11.4,4000,3963
13/12/2020,319,20.0,4900,4427
13/12/2020,166,23.0,5800,5816
13/12/2020,348,33.8,8600,8549
13/12/2020,479,19.4,8000,7782
13/12/2020,447,30.5,8000,8039
13/12/2020,487,21.8,5400,5434
13/12/2020,497,20.4,8000,7939
13/12/2020,468,20.0,8000,7790
13/12/2020,83,16.2,8000,7938
13/12/2020,347,14.0,4100,3849
13/12/2020,63,22.6,8000,7573
13/12/2020,493,21.9,8000,7929
13/12/2020,337,39.5,8000,8049
13/12/2020,312,17.3,4600,4651
14/12/2020,531,8.5,4000,3375
14/12/2020,383,19.2,4600,4649
14/12/2020,356,23.7,5800,5764
14/12/2020,524,21.7,8000,7498
14/12/2020,386,16.2,4600,4454
14/12/2020,358,16.9,4700,4682
14/12/2020,83,13.4,8000,7989
14/12/2020,26,23.0,6100,6147
14/12/2020,952,28.9,8000,7975
14/12/2020,557,12.8,9000,5540
14/12/2020,971,14.1,5700,5722
14/12/2020,278,26.1,4000,3962
14/12/2020,539,27.6,8000,8016
14/12/2020,479,20.3,8000,7678
14/12/2020,337,38.9,8000,7996
14/12/2020,254,32.5,7000,6957
14/12/2020,370,22.9,5000,5010
14/12/2020,259,23.0,5500,5268
14/12/2020,240,39.4,5100,5112
14/12/2020,968,17.4,4300,4029
14/12/2020,584,16.5,8000,5491
14/12/2020,487,24.8,5300,5327
14/12/2020,468,19.3,8000,7752
14/12/2020,281,30.8,8000,7972
14/12/2020,532,17.4,7000,6927
14/12/2020,535,26.8,8000,7999
14/12/2020,300,14.1,4100,3805
14/12/2020,511,10.3,7400,7450
14/12/2020,519,26.7,6900,6850
14/12/2020,56,14.0,4200,3639
14/12/2020,319,21.7,4900,4658
14/12/2020,355,18.3,4700,4661
14/12/2020,166,23.6,5800,5782
14/12/2020,402,27.5,8000,7634
14/12/2020,353,26.4,7000,7036
14/12/2020,497,20.4,8000,8026
14/12/2020,348,33.2,8700,8726
14/12/2020,516,23.0,8000,7871
14/12/2020,177,14.6,4100,3640
14/12/2020,307,26.8,8000,8000
14/12/2020,447,33.2,8000,8009
14/12/2020,53,18.1,4700,4093
14/12/2020,390,15.0,4600,4525
14/12/2020,493,20.6,8000,7939
14/12/2020,347,14.3,4100,4025
14/12/2020,443,20.1,8000,7953
14/12/2020,312,17.8,4600,4587
14/12/2020,523,25.3,8000,7982
14/12/2020,311,11.2,3800,3747
14/12/2020,350,12.3,4900,4933
14/12/2020,63,23.8,8000,8025
14/12/2020,504,16.4,8000,7619
14/12/2020,297,11.1,4100,4014
14/12/2020,169,35.3,10900,9576
15/12/2020,337,38.1,8000,7987
15/12/2020,350,23.0,4900,4902
15/12/2020,348,31.9,8500,8437
15/12/2020,254,30.6,7200,7221
15/12/2020,443,19.9,8000,8008
15/12/2020,447,31.5,8000,7960
15/12/2020,63,21.3,8000,8003
15/12/2020,240,38.7,5300,5277
15/12/2020,971,14.8,5800,5715
15/12/2020,312,12.6,4600,4590
15/12/2020,259,23.4,5600,4845
15/12/2020,311,9.3,3800,3375
15/12/2020,504,15.7,8000,7961
15/12/2020,370,21.6,5000,4997
15/12/2020,479,18.0,8000,7294
15/12/2020,278,25.2,4000,3968
15/12/2020,539,27.4,8000,8002
15/12/2020,511,10.6,7400,7409
15/12/2020,169,38.5,10900,9632
15/12/2020,557,17.5,9000,8626
15/12/2020,347,13.1,4100,4090
15/12/2020,390,16.0,4600,4634
15/12/2020,355,17.3,4700,4705
15/12/2020,523,22.6,8000,7938
15/12/2020,386,13.5,4600,3923
15/12/2020,358,17.1,4700,4666
15/12/2020,166,19.4,5800,5740
15/12/2020,531,12.4,4000,3929
15/12/2020,26,24.3,6100,6072
15/12/2020,296,7.8,4100,2131
15/12/2020,524,18.4,8000,7864
15/12/2020,952,25.9,8000,8020
15/12/2020,356,20.5,5800,5816
15/12/2020,493,20.4,8000,8022
15/12/2020,297,11.8,4100,3414
15/12/2020,319,14.9,4900,4474
15/12/2020,53,18.8,4700,4713
15/12/2020,497,21.4,8000,7981
15/12/2020,584,15.4,8000,6187
15/12/2020,281,29.4,8000,8052
15/12/2020,468,16.6,8000,7710
15/12/2020,177,13.7,4100,3998
15/12/2020,516,22.4,8000,7891
15/12/2020,535,25.5,8000,7817
15/12/2020,353,25.4,7200,7202
15/12/2020,402,22.8,8000,7906
15/12/2020,968,15.2,4300,3850
15/12/2020,307,26.3,8000,7979
15/12/2020,300,10.9,4100,3550
15/12/2020,383,17.3,4600,4554
15/12/2020,519,27.7,7000,7048
15/12/2020,56,13.5,4200,3423
15/12/2020,83,14.7,8000,8021
15/12/2020,487,20.3,5300,5283
15/12/2020,532,19.8,7200,7152
